Pheno	AUC	sample_size	indel_prop
APOBEC	0.993855042016807	50	0
APOBEC	0.996743697478992	50	0
APOBEC	0.995430672268908	50	0
APOBEC	0.995719537815126	50	0
APOBEC	0.996980042016807	50	0
APOBEC	0.994721638655462	50	0
APOBEC	0.995850840336134	50	0
APOBEC	0.993960084033613	50	0
APOBEC	0.999002100840336	50	0
APOBEC	0.996743697478992	50	0
APOBEC	0.999107142857143	50	0
APOBEC	0.997268907563025	50	0
APOBEC	0.99608718487395	50	0
APOBEC	0.995115546218487	50	0
APOBEC	0.996822478991597	50	0
APOBEC	0.995719537815126	50	0
APOBEC	0.996139705882353	50	0
APOBEC	0.994695378151261	50	0
APOBEC	0.998739495798319	50	0
APOBEC	0.997478991596639	50	0
APOBEC	0.995798319327731	50	0
APOBEC	0.996034663865546	50	0
APOBEC	0.998476890756303	50	0
APOBEC	0.996349789915966	50	0
APOBEC	0.996271008403361	50	0
APOBEC	0.997715336134454	50	0
APOBEC	0.995614495798319	50	0
APOBEC	0.99608718487395	50	0
APOBEC	0.995667016806723	50	0
APOBEC	0.998450630252101	50	0
APOBEC	0.990362394957983	50	0
APOBEC	0.995430672268908	50	0
APOBEC	0.997400210084034	50	0
APOBEC	0.996349789915966	50	0
APOBEC	0.99750525210084	50	0
APOBEC	0.99624474789916	50	0
APOBEC	0.990336134453782	50	0
APOBEC	0.996481092436975	50	0
APOBEC	0.995220588235294	50	0
APOBEC	0.994905462184874	50	0
APOBEC	0.995745798319328	50	0
APOBEC	0.995299369747899	50	0
APOBEC	0.995010504201681	50	0
APOBEC	0.993014705882353	50	0
APOBEC	0.995535714285714	50	0
APOBEC	0.993933823529412	50	0
APOBEC	0.997584033613445	50	0
APOBEC	0.995614495798319	50	0
APOBEC	0.994275210084034	50	0
APOBEC	0.996454831932773	50	0
SBS3	0.952082955860012	50	0
SBS3	0.959901880165577	50	0
SBS3	0.951163082412298	50	0
SBS3	0.94135109897002	50	0
SBS3	0.937671605179166	50	0
SBS3	0.961365315196031	50	0
SBS3	0.967776554377064	50	0
SBS3	0.955358262832931	50	0
SBS3	0.955093450779802	50	0
SBS3	0.958926256811942	50	0
SBS3	0.952222330624817	50	0
SBS3	0.945086342666797	50	0
SBS3	0.95010383419978	50	0
SBS3	0.957908821028865	50	0
SBS3	0.953978452661361	50	0
SBS3	0.943720469971707	50	0
SBS3	0.954034202567283	50	0
SBS3	0.951413956988948	50	0
SBS3	0.945852903873225	50	0
SBS3	0.967065743076559	50	0
SBS3	0.953797265467115	50	0
SBS3	0.964891496745599	50	0
SBS3	0.959874005212616	50	0
SBS3	0.944054969407239	50	0
SBS3	0.947176964138873	50	0
SBS3	0.958828694476578	50	0
SBS3	0.969867175849141	50	0
SBS3	0.954396576955776	50	0
SBS3	0.949699647381845	50	0
SBS3	0.957086509916515	50	0
SBS3	0.959762505400772	50	0
SBS3	0.947427838715522	50	0
SBS3	0.959009881670825	50	0
SBS3	0.953797265467115	50	0
SBS3	0.949852959623131	50	0
SBS3	0.958968069241383	50	0
SBS3	0.949170023275586	50	0
SBS3	0.957086509916515	50	0
SBS3	0.955553387503659	50	0
SBS3	0.957100447392995	50	0
SBS3	0.962313063596705	50	0
SBS3	0.959386193535798	50	0
SBS3	0.948821586363573	50	0
SBS3	0.951037645123974	50	0
SBS3	0.955372200309412	50	0
SBS3	0.95722588468132	50	0
SBS3	0.954563826673542	50	0
SBS3	0.963915873391964	50	0
SBS3	0.952110830812973	50	0
SBS3	0.960849628566252	50	0
SBS5	0.961422440779064	50	0
SBS5	0.958929526801671	50	0
SBS5	0.955412127628089	50	0
SBS5	0.95162153240219	50	0
SBS5	0.950153103620986	50	0
SBS5	0.97161037689672	50	0
SBS5	0.968753201516238	50	0
SBS5	0.952384204714908	50	0
SBS5	0.956425229655432	50	0
SBS5	0.961855001195233	50	0
SBS5	0.95807578913818	50	0
SBS5	0.956459379161971	50	0
SBS5	0.96762626780043	50	0
SBS5	0.964154401302235	50	0
SBS5	0.956504911837357	50	0
SBS5	0.947318694578197	50	0
SBS5	0.95626586529158	50	0
SBS5	0.959703582283236	50	0
SBS5	0.954934034536534	50	0
SBS5	0.965474848888434	50	0
SBS5	0.956675659370055	50	0
SBS5	0.968434472788535	50	0
SBS5	0.961149244726747	50	0
SBS5	0.960227208050177	50	0
SBS5	0.956983004928912	50	0
SBS5	0.956903322746986	50	0
SBS5	0.961843618026386	50	0
SBS5	0.95409168004189	50	0
SBS5	0.952793998793384	50	0
SBS5	0.965804960784983	50	0
SBS5	0.957586312877779	50	0
SBS5	0.956402463317738	50	0
SBS5	0.961183394233287	50	0
SBS5	0.955730856355792	50	0
SBS5	0.959168573347448	50	0
SBS5	0.966032624161914	50	0
SBS5	0.951143439310635	50	0
SBS5	0.965622830083439	50	0
SBS5	0.961786702182153	50	0
SBS5	0.958053022800487	50	0
SBS5	0.959999544673246	50	0
SBS5	0.967717333151203	50	0
SBS5	0.956732575214288	50	0
SBS5	0.958679097087047	50	0
SBS5	0.956277248460426	50	0
SBS5	0.961411057610218	50	0
SBS5	0.96367630821068	50	0
SBS5	0.965440699381894	50	0
SBS5	0.957438331682774	50	0
SBS5	0.956322781135813	50	0
APOBEC	0.995168067226891	50	0.1
APOBEC	0.996376050420168	50	0.1
APOBEC	0.996297268907563	50	0.1
APOBEC	0.994117647058824	50	0.1
APOBEC	0.996796218487395	50	0.1
APOBEC	0.996139705882353	50	0.1
APOBEC	0.996165966386555	50	0.1
APOBEC	0.994196428571429	50	0.1
APOBEC	0.997925420168067	50	0.1
APOBEC	0.998004201680672	50	0.1
APOBEC	0.999185924369748	50	0.1
APOBEC	0.997610294117647	50	0.1
APOBEC	0.996743697478992	50	0.1
APOBEC	0.994721638655462	50	0.1
APOBEC	0.996192226890756	50	0.1
APOBEC	0.994695378151261	50	0.1
APOBEC	0.995430672268908	50	0.1
APOBEC	0.995404411764706	50	0.1
APOBEC	0.997689075630252	50	0.1
APOBEC	0.997636554621849	50	0.1
APOBEC	0.994695378151261	50	0.1
APOBEC	0.995982142857143	50	0.1
APOBEC	0.997006302521008	50	0.1
APOBEC	0.993986344537815	50	0.1
APOBEC	0.99655987394958	50	0.1
APOBEC	0.997400210084034	50	0.1
APOBEC	0.994984243697479	50	0.1
APOBEC	0.994984243697479	50	0.1
APOBEC	0.995877100840336	50	0.1
APOBEC	0.999028361344538	50	0.1
APOBEC	0.992279411764706	50	0.1
APOBEC	0.995246848739496	50	0.1
APOBEC	0.99671743697479	50	0.1
APOBEC	0.996953781512605	50	0.1
APOBEC	0.998109243697479	50	0.1
APOBEC	0.996953781512605	50	0.1
APOBEC	0.991018907563025	50	0.1
APOBEC	0.996113445378151	50	0.1
APOBEC	0.993461134453781	50	0.1
APOBEC	0.995299369747899	50	0.1
APOBEC	0.995745798319328	50	0.1
APOBEC	0.996008403361345	50	0.1
APOBEC	0.993539915966387	50	0.1
APOBEC	0.993671218487395	50	0.1
APOBEC	0.995483193277311	50	0.1
APOBEC	0.994038865546218	50	0.1
APOBEC	0.997872899159664	50	0.1
APOBEC	0.995877100840336	50	0.1
APOBEC	0.994564075630252	50	0.1
APOBEC	0.995640756302521	50	0.1
SBS3	0.964543059833587	50	0.1
SBS3	0.95722588468132	50	0.1
SBS3	0.961741627061004	50	0.1
SBS3	0.96929573931344	50	0.1
SBS3	0.959887942689097	50	0.1
SBS3	0.967734741947623	50	0.1
SBS3	0.974020543840332	50	0.1
SBS3	0.974801042523241	50	0.1
SBS3	0.96271725041464	50	0.1
SBS3	0.969797488466738	50	0.1
SBS3	0.962940250038328	50	0.1
SBS3	0.955246763021087	50	0.1
SBS3	0.960766003707369	50	0.1
SBS3	0.962131876402459	50	0.1
SBS3	0.974870729905643	50	0.1
SBS3	0.953922702755439	50	0.1
SBS3	0.963678936291795	50	0.1
SBS3	0.973532732163514	50	0.1
SBS3	0.952835579589959	50	0.1
SBS3	0.964515184880625	50	0.1
SBS3	0.968821865113103	50	0.1
SBS3	0.972752233480606	50	0.1
SBS3	0.967274805223766	50	0.1
SBS3	0.956863510292826	50	0.1
SBS3	0.955288575450529	50	0.1
SBS3	0.973240045157424	50	0.1
SBS3	0.972989170580775	50	0.1
SBS3	0.958438445135124	50	0.1
SBS3	0.964724247027833	50	0.1
SBS3	0.973476982257592	50	0.1
SBS3	0.965393245898898	50	0.1
SBS3	0.963971623297886	50	0.1
SBS3	0.968459490724609	50	0.1
SBS3	0.968292241006843	50	0.1
SBS3	0.969644176225453	50	0.1
SBS3	0.972515296380437	50	0.1
SBS3	0.959553443253565	50	0.1
SBS3	0.964347935162859	50	0.1
SBS3	0.961295627813628	50	0.1
SBS3	0.962257313690783	50	0.1
SBS3	0.958912319335461	50	0.1
SBS3	0.97560941615911	50	0.1
SBS3	0.962299126120225	50	0.1
SBS3	0.959344381106357	50	0.1
SBS3	0.969672051178414	50	0.1
SBS3	0.962661500508718	50	0.1
SBS3	0.96930967678992	50	0.1
SBS3	0.977267975860291	50	0.1
SBS3	0.969086677166232	50	0.1
SBS3	0.968306178483324	50	0.1
SBS5	0.968730435178545	50	0.1
SBS5	0.955662557342713	50	0.1
SBS5	0.959043358490136	50	0.1
SBS5	0.963073000261813	50	0.1
SBS5	0.958599414905121	50	0.1
SBS5	0.969288210452026	50	0.1
SBS5	0.972942207651766	50	0.1
SBS5	0.959942628829013	50	0.1
SBS5	0.955662557342713	50	0.1
SBS5	0.969094696581634	50	0.1
SBS5	0.961240310077519	50	0.1
SBS5	0.959999544673246	50	0.1
SBS5	0.960352422907489	50	0.1
SBS5	0.961798085351	50	0.1
SBS5	0.964541429043017	50	0.1
SBS5	0.950494598686382	50	0.1
SBS5	0.960705301141732	50	0.1
SBS5	0.962674589352184	50	0.1
SBS5	0.951416635362952	50	0.1
SBS5	0.9611378615579	50	0.1
SBS5	0.964609728056096	50	0.1
SBS5	0.962253412104862	50	0.1
SBS5	0.96769456681351	50	0.1
SBS5	0.963824289405685	50	0.1
SBS5	0.953647736456875	50	0.1
SBS5	0.967740099488896	50	0.1
SBS5	0.957199285136996	50	0.1
SBS5	0.954455941444979	50	0.1
SBS5	0.954467324613826	50	0.1
SBS5	0.97138271351979	50	0.1
SBS5	0.958383134697037	50	0.1
SBS5	0.96146797345445	50	0.1
SBS5	0.963334813145283	50	0.1
SBS5	0.965110587485344	50	0.1
SBS5	0.962970551742194	50	0.1
SBS5	0.966988810345024	50	0.1
SBS5	0.954968184043074	50	0.1
SBS5	0.959191339685142	50	0.1
SBS5	0.96305023392412	50	0.1
SBS5	0.958804311944359	50	0.1
SBS5	0.953841250327266	50	0.1
SBS5	0.970904620428235	50	0.1
SBS5	0.964461746861091	50	0.1
SBS5	0.959134423840909	50	0.1
SBS5	0.964427597354552	50	0.1
SBS5	0.960625618959806	50	0.1
SBS5	0.96578219444729	50	0.1
SBS5	0.971781124429419	50	0.1
SBS5	0.964438980523398	50	0.1
SBS5	0.959726348620929	50	0.1
APOBEC	0.994616596638655	50	0.2
APOBEC	0.995325630252101	50	0.2
APOBEC	0.994826680672269	50	0.2
APOBEC	0.991465336134454	50	0.2
APOBEC	0.995273109243697	50	0.2
APOBEC	0.995588235294118	50	0.2
APOBEC	0.996428571428571	50	0.2
APOBEC	0.993172268907563	50	0.2
APOBEC	0.996901260504202	50	0.2
APOBEC	0.998240546218487	50	0.2
APOBEC	0.998135504201681	50	0.2
APOBEC	0.997531512605042	50	0.2
APOBEC	0.995430672268908	50	0.2
APOBEC	0.992752100840336	50	0.2
APOBEC	0.993776260504202	50	0.2
APOBEC	0.995220588235294	50	0.2
APOBEC	0.995299369747899	50	0.2
APOBEC	0.994091386554622	50	0.2
APOBEC	0.996349789915966	50	0.2
APOBEC	0.996638655462185	50	0.2
APOBEC	0.994590336134454	50	0.2
APOBEC	0.993513655462185	50	0.2
APOBEC	0.995850840336134	50	0.2
APOBEC	0.99280462184874	50	0.2
APOBEC	0.997216386554622	50	0.2
APOBEC	0.996323529411765	50	0.2
APOBEC	0.994196428571429	50	0.2
APOBEC	0.991990546218487	50	0.2
APOBEC	0.994196428571429	50	0.2
APOBEC	0.998503151260504	50	0.2
APOBEC	0.992752100840336	50	0.2
APOBEC	0.994695378151261	50	0.2
APOBEC	0.996008403361345	50	0.2
APOBEC	0.996349789915966	50	0.2
APOBEC	0.996454831932773	50	0.2
APOBEC	0.99671743697479	50	0.2
APOBEC	0.989154411764706	50	0.2
APOBEC	0.996533613445378	50	0.2
APOBEC	0.992095588235294	50	0.2
APOBEC	0.994012605042017	50	0.2
APOBEC	0.993776260504202	50	0.2
APOBEC	0.994852941176471	50	0.2
APOBEC	0.993251050420168	50	0.2
APOBEC	0.993408613445378	50	0.2
APOBEC	0.993671218487395	50	0.2
APOBEC	0.992095588235294	50	0.2
APOBEC	0.997584033613445	50	0.2
APOBEC	0.996586134453782	50	0.2
APOBEC	0.991596638655462	50	0.2
APOBEC	0.994012605042017	50	0.2
SBS3	0.963762561150678	50	0.2
SBS3	0.954842576203153	50	0.2
SBS3	0.962382750979108	50	0.2
SBS3	0.965881057575715	50	0.2
SBS3	0.960877503519213	50	0.2
SBS3	0.963985560774366	50	0.2
SBS3	0.961881001825809	50	0.2
SBS3	0.971330610879594	50	0.2
SBS3	0.964208560398054	50	0.2
SBS3	0.96957448884305	50	0.2
SBS3	0.953211891454933	50	0.2
SBS3	0.948612524216365	50	0.2
SBS3	0.959037756623786	50	0.2
SBS3	0.959093506529708	50	0.2
SBS3	0.973198232727982	50	0.2
SBS3	0.951595144183194	50	0.2
SBS3	0.963400186762185	50	0.2
SBS3	0.967428117465052	50	0.2
SBS3	0.955957574321593	50	0.2
SBS3	0.956096949086398	50	0.2
SBS3	0.959218943818032	50	0.2
SBS3	0.963163249662016	50	0.2
SBS3	0.96437581011582	50	0.2
SBS3	0.954103889949686	50	0.2
SBS3	0.953490640984543	50	0.2
SBS3	0.960626628942564	50	0.2
SBS3	0.968835802589583	50	0.2
SBS3	0.954981950967958	50	0.2
SBS3	0.964738184504314	50	0.2
SBS3	0.970104112949309	50	0.2
SBS3	0.957853071122942	50	0.2
SBS3	0.957685821405176	50	0.2
SBS3	0.958856569429539	50	0.2
SBS3	0.95998550502446	50	0.2
SBS3	0.963037812373692	50	0.2
SBS3	0.967790491853545	50	0.2
SBS3	0.958159695605514	50	0.2
SBS3	0.957114384869476	50	0.2
SBS3	0.961560439866758	50	0.2
SBS3	0.958508132517526	50	0.2
SBS3	0.95531645040349	50	0.2
SBS3	0.969379364172323	50	0.2
SBS3	0.957351321969644	50	0.2
SBS3	0.951497581847831	50	0.2
SBS3	0.964013435727327	50	0.2
SBS3	0.949546335140559	50	0.2
SBS3	0.966731243641026	50	0.2
SBS3	0.972417734045074	50	0.2
SBS3	0.957825196169981	50	0.2
SBS3	0.962034314067095	50	0.2
SBS5	0.958599414905121	50	0.2
SBS5	0.954376259263054	50	0.2
SBS5	0.957017154435452	50	0.2
SBS5	0.962697355689877	50	0.2
SBS5	0.958292069346265	50	0.2
SBS5	0.956186183109654	50	0.2
SBS5	0.961228926908673	50	0.2
SBS5	0.956516295006204	50	0.2
SBS5	0.954888501861148	50	0.2
SBS5	0.965531764732666	50	0.2
SBS5	0.947421143097816	50	0.2
SBS5	0.948696058008628	50	0.2
SBS5	0.945303873692358	50	0.2
SBS5	0.954603922639985	50	0.2
SBS5	0.953602203781489	50	0.2
SBS5	0.949083085749411	50	0.2
SBS5	0.955480426641168	50	0.2
SBS5	0.953898166171499	50	0.2
SBS5	0.946146228187003	50	0.2
SBS5	0.951143439310635	50	0.2
SBS5	0.956641509863516	50	0.2
SBS5	0.952031326480666	50	0.2
SBS5	0.960477637764801	50	0.2
SBS5	0.949879907568669	50	0.2
SBS5	0.948616375826703	50	0.2
SBS5	0.953522521599563	50	0.2
SBS5	0.952976129494929	50	0.2
SBS5	0.946704003460483	50	0.2
SBS5	0.950756411569853	50	0.2
SBS5	0.966374119227311	50	0.2
SBS5	0.952008560142973	50	0.2
SBS5	0.953807100820727	50	0.2
SBS5	0.955708090018099	50	0.2
SBS5	0.959088891165523	50	0.2
SBS5	0.946225910368929	50	0.2
SBS5	0.962344477455634	50	0.2
SBS5	0.947796787669752	50	0.2
SBS5	0.948502544138237	50	0.2
SBS5	0.95376156814534	50	0.2
SBS5	0.951974410636433	50	0.2
SBS5	0.944711948912338	50	0.2
SBS5	0.959077507996676	50	0.2
SBS5	0.956516295006204	50	0.2
SBS5	0.950858860089472	50	0.2
SBS5	0.959885712984781	50	0.2
SBS5	0.939908251659097	50	0.2
SBS5	0.959384853555533	50	0.2
SBS5	0.967819781670821	50	0.2
SBS5	0.946134845018156	50	0.2
SBS5	0.950767794738699	50	0.2
APOBEC	0.994957983193277	50	0.3
APOBEC	0.994511554621849	50	0.3
APOBEC	0.991859243697479	50	0.3
APOBEC	0.984873949579832	50	0.3
APOBEC	0.994590336134454	50	0.3
APOBEC	0.99280462184874	50	0.3
APOBEC	0.995693277310924	50	0.3
APOBEC	0.990887605042017	50	0.3
APOBEC	0.996034663865546	50	0.3
APOBEC	0.996113445378151	50	0.3
APOBEC	0.998319327731092	50	0.3
APOBEC	0.995299369747899	50	0.3
APOBEC	0.995614495798319	50	0.3
APOBEC	0.990021008403361	50	0.3
APOBEC	0.992515756302521	50	0.3
APOBEC	0.995063025210084	50	0.3
APOBEC	0.993487394957983	50	0.3
APOBEC	0.993855042016807	50	0.3
APOBEC	0.995667016806723	50	0.3
APOBEC	0.994091386554622	50	0.3
APOBEC	0.99296218487395	50	0.3
APOBEC	0.991596638655462	50	0.3
APOBEC	0.994931722689076	50	0.3
APOBEC	0.990519957983193	50	0.3
APOBEC	0.994931722689076	50	0.3
APOBEC	0.995351890756302	50	0.3
APOBEC	0.992673319327731	50	0.3
APOBEC	0.99046743697479	50	0.3
APOBEC	0.991465336134454	50	0.3
APOBEC	0.998266806722689	50	0.3
APOBEC	0.992148109243697	50	0.3
APOBEC	0.991202731092437	50	0.3
APOBEC	0.995115546218487	50	0.3
APOBEC	0.993644957983193	50	0.3
APOBEC	0.992909663865546	50	0.3
APOBEC	0.996323529411765	50	0.3
APOBEC	0.988471638655462	50	0.3
APOBEC	0.994826680672269	50	0.3
APOBEC	0.989101890756303	50	0.3
APOBEC	0.991727941176471	50	0.3
APOBEC	0.990913865546219	50	0.3
APOBEC	0.993356092436975	50	0.3
APOBEC	0.990388655462185	50	0.3
APOBEC	0.989338235294118	50	0.3
APOBEC	0.992095588235294	50	0.3
APOBEC	0.989758403361345	50	0.3
APOBEC	0.996192226890756	50	0.3
APOBEC	0.994800420168067	50	0.3
APOBEC	0.989968487394958	50	0.3
APOBEC	0.992542016806723	50	0.3
SBS3	0.955985449274554	50	0.3
SBS3	0.951887831189285	50	0.3
SBS3	0.956166636468801	50	0.3
SBS3	0.958257257940877	50	0.3
SBS3	0.948501024404521	50	0.3
SBS3	0.957448884305008	50	0.3
SBS3	0.952654392395713	50	0.3
SBS3	0.955358262832931	50	0.3
SBS3	0.951929643618726	50	0.3
SBS3	0.96026425455407	50	0.3
SBS3	0.947176964138873	50	0.3
SBS3	0.946856402179821	50	0.3
SBS3	0.949657834952404	50	0.3
SBS3	0.943678657542265	50	0.3
SBS3	0.961435002578433	50	0.3
SBS3	0.939664664315879	50	0.3
SBS3	0.955260700497568	50	0.3
SBS3	0.959846130259655	50	0.3
SBS3	0.953546390890465	50	0.3
SBS3	0.9473720888096	50	0.3
SBS3	0.946842464703341	50	0.3
SBS3	0.95094008278861	50	0.3
SBS3	0.956236323851203	50	0.3
SBS3	0.946368590503004	50	0.3
SBS3	0.940891162246164	50	0.3
SBS3	0.958424507658643	50	0.3
SBS3	0.960821753613291	50	0.3
SBS3	0.95094008278861	50	0.3
SBS3	0.956877447769307	50	0.3
SBS3	0.957936695981826	50	0.3
SBS3	0.950758895594364	50	0.3
SBS3	0.946354653026523	50	0.3
SBS3	0.946340715550043	50	0.3
SBS3	0.946312840597081	50	0.3
SBS3	0.951720581471519	50	0.3
SBS3	0.957880946075903	50	0.3
SBS3	0.949086398416703	50	0.3
SBS3	0.944821530613667	50	0.3
SBS3	0.952152643242415	50	0.3
SBS3	0.947455713668483	50	0.3
SBS3	0.941155974299293	50	0.3
SBS3	0.956765947957463	50	0.3
SBS3	0.951413956988948	50	0.3
SBS3	0.943762282401148	50	0.3
SBS3	0.952194455671856	50	0.3
SBS3	0.947190901615353	50	0.3
SBS3	0.955204950591646	50	0.3
SBS3	0.966424619158455	50	0.3
SBS3	0.950131709152741	50	0.3
SBS3	0.952682267348674	50	0.3
SBS5	0.951746747259502	50	0.3
SBS5	0.951143439310635	50	0.3
SBS5	0.950813327414086	50	0.3
SBS5	0.950847476920625	50	0.3
SBS5	0.946180377693542	50	0.3
SBS5	0.940283896231033	50	0.3
SBS5	0.95073364523216	50	0.3
SBS5	0.938189393163269	50	0.3
SBS5	0.938542271397512	50	0.3
SBS5	0.952224840351057	50	0.3
SBS5	0.939088663502146	50	0.3
SBS5	0.936982777265535	50	0.3
SBS5	0.934831358353538	50	0.3
SBS5	0.938508121890972	50	0.3
SBS5	0.944051725119239	50	0.3
SBS5	0.935047638561623	50	0.3
SBS5	0.942412548805336	50	0.3
SBS5	0.94081890516682	50	0.3
SBS5	0.94019283088026	50	0.3
SBS5	0.934000387027741	50	0.3
SBS5	0.944666416236952	50	0.3
SBS5	0.939259411034844	50	0.3
SBS5	0.946157611355849	50	0.3
SBS5	0.940363578412959	50	0.3
SBS5	0.928149438240617	50	0.3
SBS5	0.94358501519653	50	0.3
SBS5	0.945121742990814	50	0.3
SBS5	0.93686894557707	50	0.3
SBS5	0.938769934774442	50	0.3
SBS5	0.954603922639985	50	0.3
SBS5	0.943448417170372	50	0.3
SBS5	0.940329428906419	50	0.3
SBS5	0.940944120024132	50	0.3
SBS5	0.941877539869549	50	0.3
SBS5	0.921706564673474	50	0.3
SBS5	0.953021662170315	50	0.3
SBS5	0.942936174572277	50	0.3
SBS5	0.934045919703127	50	0.3
SBS5	0.939213878359458	50	0.3
SBS5	0.942207651766099	50	0.3
SBS5	0.929834147229906	50	0.3
SBS5	0.944404603353482	50	0.3
SBS5	0.945668135095448	50	0.3
SBS5	0.940944120024132	50	0.3
SBS5	0.94394927659962	50	0.3
SBS5	0.935093171237009	50	0.3
SBS5	0.945850265796993	50	0.3
SBS5	0.959897096153627	50	0.3
SBS5	0.937438104019397	50	0.3
SBS5	0.934148368222746	50	0.3
APOBEC	0.993461134453781	50	0.4
APOBEC	0.995693277310924	50	0.4
APOBEC	0.991885504201681	50	0.4
APOBEC	0.978413865546218	50	0.4
APOBEC	0.992752100840336	50	0.4
APOBEC	0.990493697478992	50	0.4
APOBEC	0.991754201680672	50	0.4
APOBEC	0.986528361344538	50	0.4
APOBEC	0.995588235294118	50	0.4
APOBEC	0.995640756302521	50	0.4
APOBEC	0.995667016806723	50	0.4
APOBEC	0.992436974789916	50	0.4
APOBEC	0.992358193277311	50	0.4
APOBEC	0.986318277310924	50	0.4
APOBEC	0.989469537815126	50	0.4
APOBEC	0.991675420168067	50	0.4
APOBEC	0.991859243697479	50	0.4
APOBEC	0.988865546218487	50	0.4
APOBEC	0.994432773109244	50	0.4
APOBEC	0.991334033613445	50	0.4
APOBEC	0.991307773109244	50	0.4
APOBEC	0.992043067226891	50	0.4
APOBEC	0.992935924369748	50	0.4
APOBEC	0.985215336134454	50	0.4
APOBEC	0.99359243697479	50	0.4
APOBEC	0.993461134453781	50	0.4
APOBEC	0.989732142857143	50	0.4
APOBEC	0.987683823529412	50	0.4
APOBEC	0.989889705882353	50	0.4
APOBEC	0.995063025210084	50	0.4
APOBEC	0.98734243697479	50	0.4
APOBEC	0.989810924369748	50	0.4
APOBEC	0.992226890756303	50	0.4
APOBEC	0.992673319327731	50	0.4
APOBEC	0.986003151260504	50	0.4
APOBEC	0.995640756302521	50	0.4
APOBEC	0.988314075630252	50	0.4
APOBEC	0.993251050420168	50	0.4
APOBEC	0.986318277310924	50	0.4
APOBEC	0.988602941176471	50	0.4
APOBEC	0.988576680672269	50	0.4
APOBEC	0.988077731092437	50	0.4
APOBEC	0.987920168067227	50	0.4
APOBEC	0.98156512605042	50	0.4
APOBEC	0.987762605042017	50	0.4
APOBEC	0.984375	50	0.4
APOBEC	0.993644957983193	50	0.4
APOBEC	0.994616596638655	50	0.4
APOBEC	0.9875	50	0.4
APOBEC	0.989679621848739	50	0.4
SBS3	0.946243153214679	50	0.4
SBS3	0.94462640594294	50	0.4
SBS3	0.945016655284394	50	0.4
SBS3	0.949420897852235	50	0.4
SBS3	0.93969253926884	50	0.4
SBS3	0.944528843607576	50	0.4
SBS3	0.940863287293203	50	0.4
SBS3	0.943929532118915	50	0.4
SBS3	0.946912152085743	50	0.4
SBS3	0.947748400674574	50	0.4
SBS3	0.940417288045826	50	0.4
SBS3	0.938089729473581	50	0.4
SBS3	0.941434723828904	50	0.4
SBS3	0.929044307237732	50	0.4
SBS3	0.953044641737167	50	0.4
SBS3	0.93392242400591	50	0.4
SBS3	0.939107165256659	50	0.4
SBS3	0.949755397287767	50	0.4
SBS3	0.941852848123319	50	0.4
SBS3	0.933309175040767	50	0.4
SBS3	0.937518292937881	50	0.4
SBS3	0.943218720818409	50	0.4
SBS3	0.945588091820095	50	0.4
SBS3	0.935608858660051	50	0.4
SBS3	0.936863231543297	50	0.4
SBS3	0.948626461692846	50	0.4
SBS3	0.94215947260589	50	0.4
SBS3	0.938563603673919	50	0.4
SBS3	0.94818046244547	50	0.4
SBS3	0.95615269899232	50	0.4
SBS3	0.941295349064099	50	0.4
SBS3	0.942772721571032	50	0.4
SBS3	0.938229104238387	50	0.4
SBS3	0.936459044725362	50	0.4
SBS3	0.940654225145995	50	0.4
SBS3	0.949532397664079	50	0.4
SBS3	0.940375475616385	50	0.4
SBS3	0.931873614963275	50	0.4
SBS3	0.944417343795732	50	0.4
SBS3	0.93696079387866	50	0.4
SBS3	0.933894549052948	50	0.4
SBS3	0.944305843983888	50	0.4
SBS3	0.938967790491854	50	0.4
SBS3	0.940180350945658	50	0.4
SBS3	0.949476647758157	50	0.4
SBS3	0.943957407071876	50	0.4
SBS3	0.939107165256659	50	0.4
SBS3	0.957211947204839	50	0.4
SBS3	0.946145590879315	50	0.4
SBS3	0.941295349064099	50	0.4
SBS5	0.938280458514041	50	0.4
SBS5	0.941069334881444	50	0.4
SBS5	0.939191112021765	50	0.4
SBS5	0.935150087081242	50	0.4
SBS5	0.932315678038452	50	0.4
SBS5	0.919133968514155	50	0.4
SBS5	0.927842092681761	50	0.4
SBS5	0.922628601350044	50	0.4
SBS5	0.929025942241801	50	0.4
SBS5	0.937369805006318	50	0.4
SBS5	0.922332638960034	50	0.4
SBS5	0.921991143894637	50	0.4
SBS5	0.912360983050462	50	0.4
SBS5	0.917676922901797	50	0.4
SBS5	0.927346924836936	50	0.4
SBS5	0.922526152830425	50	0.4
SBS5	0.920346275996312	50	0.4
SBS5	0.921080490386914	50	0.4
SBS5	0.924677571742422	50	0.4
SBS5	0.914853897027855	50	0.4
SBS5	0.930255324477228	50	0.4
SBS5	0.928587690241209	50	0.4
SBS5	0.933920704845815	50	0.4
SBS5	0.927090803537889	50	0.4
SBS5	0.916071896094435	50	0.4
SBS5	0.924131179637788	50	0.4
SBS5	0.917187446641396	50	0.4
SBS5	0.918769707111066	50	0.4
SBS5	0.921541508725199	50	0.4
SBS5	0.936561600018213	50	0.4
SBS5	0.92978861455452	50	0.4
SBS5	0.928690138760828	50	0.4
SBS5	0.9278762421883	50	0.4
SBS5	0.925605300003415	50	0.4
SBS5	0.898325535862673	50	0.4
SBS5	0.937734066409407	50	0.4
SBS5	0.925929720315541	50	0.4
SBS5	0.9229359469089	50	0.4
SBS5	0.925633757925531	50	0.4
SBS5	0.929674782866054	50	0.4
SBS5	0.916436157497524	50	0.4
SBS5	0.926629785199604	50	0.4
SBS5	0.924472674703184	50	0.4
SBS5	0.929851221983176	50	0.4
SBS5	0.924962150963585	50	0.4
SBS5	0.923032703844096	50	0.4
SBS5	0.924273469248369	50	0.4
SBS5	0.941797857687623	50	0.4
SBS5	0.929356054138351	50	0.4
SBS5	0.91806395064258	50	0.4
APOBEC	0.988629201680672	50	0.5
APOBEC	0.993382352941176	50	0.5
APOBEC	0.989889705882353	50	0.5
APOBEC	0.973030462184874	50	0.5
APOBEC	0.990572478991597	50	0.5
APOBEC	0.985688025210084	50	0.5
APOBEC	0.988182773109244	50	0.5
APOBEC	0.980646008403361	50	0.5
APOBEC	0.986633403361345	50	0.5
APOBEC	0.989627100840336	50	0.5
APOBEC	0.986239495798319	50	0.5
APOBEC	0.990493697478992	50	0.5
APOBEC	0.985845588235294	50	0.5
APOBEC	0.982589285714286	50	0.5
APOBEC	0.981985294117647	50	0.5
APOBEC	0.986817226890756	50	0.5
APOBEC	0.985688025210084	50	0.5
APOBEC	0.981775210084034	50	0.5
APOBEC	0.989522058823529	50	0.5
APOBEC	0.986029411764706	50	0.5
APOBEC	0.983692226890756	50	0.5
APOBEC	0.979779411764706	50	0.5
APOBEC	0.990047268907563	50	0.5
APOBEC	0.976418067226891	50	0.5
APOBEC	0.985635504201681	50	0.5
APOBEC	0.987788865546218	50	0.5
APOBEC	0.985189075630252	50	0.5
APOBEC	0.981328781512605	50	0.5
APOBEC	0.98453256302521	50	0.5
APOBEC	0.988392857142857	50	0.5
APOBEC	0.980252100840336	50	0.5
APOBEC	0.985950630252101	50	0.5
APOBEC	0.989469537815126	50	0.5
APOBEC	0.989338235294118	50	0.5
APOBEC	0.980173319327731	50	0.5
APOBEC	0.988760504201681	50	0.5
APOBEC	0.979044117647059	50	0.5
APOBEC	0.985189075630252	50	0.5
APOBEC	0.985241596638656	50	0.5
APOBEC	0.988996848739496	50	0.5
APOBEC	0.979989495798319	50	0.5
APOBEC	0.981617647058823	50	0.5
APOBEC	0.985898109243697	50	0.5
APOBEC	0.980908613445378	50	0.5
APOBEC	0.98516281512605	50	0.5
APOBEC	0.973109243697479	50	0.5
APOBEC	0.986790966386555	50	0.5
APOBEC	0.990861344537815	50	0.5
APOBEC	0.982825630252101	50	0.5
APOBEC	0.980383403361345	50	0.5
SBS3	0.935831858283739	50	0.5
SBS3	0.934187236059039	50	0.5
SBS3	0.941908598029241	50	0.5
SBS3	0.937016543784582	50	0.5
SBS3	0.932918925699313	50	0.5
SBS3	0.938368479003192	50	0.5
SBS3	0.938103666950062	50	0.5
SBS3	0.934075736247195	50	0.5
SBS3	0.940988724581527	50	0.5
SBS3	0.944668218372381	50	0.5
SBS3	0.926633123806604	50	0.5
SBS3	0.932222051875288	50	0.5
SBS3	0.936988668831621	50	0.5
SBS3	0.925113938870228	50	0.5
SBS3	0.943664720065785	50	0.5
SBS3	0.929769056014718	50	0.5
SBS3	0.924319502710839	50	0.5
SBS3	0.937615855273244	50	0.5
SBS3	0.932932863175793	50	0.5
SBS3	0.925336938493916	50	0.5
SBS3	0.926856123430292	50	0.5
SBS3	0.936542669584245	50	0.5
SBS3	0.940082788610294	50	0.5
SBS3	0.923427504216087	50	0.5
SBS3	0.926647061283084	50	0.5
SBS3	0.947246651521276	50	0.5
SBS3	0.935636733613012	50	0.5
SBS3	0.924486752428605	50	0.5
SBS3	0.94434765641333	50	0.5
SBS3	0.944668218372381	50	0.5
SBS3	0.936319669960557	50	0.5
SBS3	0.934577485400493	50	0.5
SBS3	0.934173298582559	50	0.5
SBS3	0.930270805168016	50	0.5
SBS3	0.936333607437037	50	0.5
SBS3	0.937448605555478	50	0.5
SBS3	0.931580927957184	50	0.5
SBS3	0.923413566739606	50	0.5
SBS3	0.935636733613012	50	0.5
SBS3	0.929295181814381	50	0.5
SBS3	0.924849126817099	50	0.5
SBS3	0.936737794254972	50	0.5
SBS3	0.932445051498976	50	0.5
SBS3	0.936082732860388	50	0.5
SBS3	0.943957407071876	50	0.5
SBS3	0.933406737376131	50	0.5
SBS3	0.935692483518934	50	0.5
SBS3	0.949351210469832	50	0.5
SBS3	0.937866729849893	50	0.5
SBS3	0.93365761195278	50	0.5
SBS5	0.912446356816811	50	0.5
SBS5	0.906475884756799	50	0.5
SBS5	0.923994581611629	50	0.5
SBS5	0.903732541064782	50	0.5
SBS5	0.913869252922629	50	0.5
SBS5	0.8943698846885	50	0.5
SBS5	0.910181106216349	50	0.5
SBS5	0.899150815604048	50	0.5
SBS5	0.913886327675898	50	0.5
SBS5	0.923567712779884	50	0.5
SBS5	0.895217930767567	50	0.5
SBS5	0.897278284328791	50	0.5
SBS5	0.892616876686132	50	0.5
SBS5	0.901319309269314	50	0.5
SBS5	0.907022276861433	50	0.5
SBS5	0.904341540598072	50	0.5
SBS5	0.889640178032761	50	0.5
SBS5	0.90294710241437	50	0.5
SBS5	0.901706337010097	50	0.5
SBS5	0.89151840089244	50	0.5
SBS5	0.905166820339446	50	0.5
SBS5	0.905673371353117	50	0.5
SBS5	0.915605186171726	50	0.5
SBS5	0.902856037063598	50	0.5
SBS5	0.890590672631447	50	0.5
SBS5	0.905918109483318	50	0.5
SBS5	0.898194629420938	50	0.5
SBS5	0.89428451092215	50	0.5
SBS5	0.909788386891143	50	0.5
SBS5	0.910072966112306	50	0.5
SBS5	0.912969982583752	50	0.5
SBS5	0.905445707976186	50	0.5
SBS5	0.910346162164623	50	0.5
SBS5	0.907045043199126	50	0.5
SBS5	0.885946339742057	50	0.5
SBS5	0.913351318740111	50	0.5
SBS5	0.900249291397739	50	0.5
SBS5	0.905661988184271	50	0.5
SBS5	0.903493494519004	50	0.5
SBS5	0.909606256189598	50	0.5
SBS5	0.895906612482783	50	0.5
SBS5	0.904250475247299	50	0.5
SBS5	0.906145772860249	50	0.5
SBS5	0.91343669250646	50	0.5
SBS5	0.910471377021935	50	0.5
SBS5	0.904546437637309	50	0.5
SBS5	0.901017655294881	50	0.5
SBS5	0.92109187355576	50	0.5
SBS5	0.906692164964883	50	0.5
SBS5	0.893886100012521	50	0.5
APOBEC	0.977022058823529	50	0.6
APOBEC	0.963235294117647	50	0.6
APOBEC	0.983771008403361	50	0.6
APOBEC	0.966517857142857	50	0.6
APOBEC	0.985714285714286	50	0.6
APOBEC	0.981617647058823	50	0.6
APOBEC	0.96171218487395	50	0.6
APOBEC	0.967620798319328	50	0.6
APOBEC	0.95858718487395	50	0.6
APOBEC	0.970273109243697	50	0.6
APOBEC	0.972085084033613	50	0.6
APOBEC	0.975498949579832	50	0.6
APOBEC	0.978702731092437	50	0.6
APOBEC	0.955199579831933	50	0.6
APOBEC	0.971139705882353	50	0.6
APOBEC	0.966859243697479	50	0.6
APOBEC	0.969012605042017	50	0.6
APOBEC	0.984007352941176	50	0.6
APOBEC	0.952179621848739	50	0.6
APOBEC	0.967568277310924	50	0.6
APOBEC	0.980252100840336	50	0.6
APOBEC	0.965572478991597	50	0.6
APOBEC	0.963445378151261	50	0.6
APOBEC	0.973424369747899	50	0.6
APOBEC	0.957799369747899	50	0.6
APOBEC	0.983298319327731	50	0.6
APOBEC	0.980304621848739	50	0.6
APOBEC	0.978203781512605	50	0.6
APOBEC	0.971586134453782	50	0.6
APOBEC	0.969275210084034	50	0.6
APOBEC	0.97780987394958	50	0.6
APOBEC	0.973503151260504	50	0.6
APOBEC	0.982615546218487	50	0.6
APOBEC	0.971008403361345	50	0.6
APOBEC	0.977310924369748	50	0.6
APOBEC	0.969747899159664	50	0.6
APOBEC	0.970719537815126	50	0.6
APOBEC	0.978965336134454	50	0.6
APOBEC	0.961029411764706	50	0.6
APOBEC	0.964705882352941	50	0.6
APOBEC	0.975866596638655	50	0.6
APOBEC	0.966517857142857	50	0.6
APOBEC	0.964338235294118	50	0.6
APOBEC	0.974789915966387	50	0.6
APOBEC	0.981013655462185	50	0.6
APOBEC	0.963445378151261	50	0.6
APOBEC	0.949054621848739	50	0.6
APOBEC	0.975236344537815	50	0.6
APOBEC	0.980409663865546	50	0.6
APOBEC	0.976838235294118	50	0.6
SBS3	0.930493804791704	50	0.6
SBS3	0.91420089478599	50	0.6
SBS3	0.914005770115263	50	0.6
SBS3	0.936222107625193	50	0.6
SBS3	0.93337886242317	50	0.6
SBS3	0.900737292505819	50	0.6
SBS3	0.938396353956153	50	0.6
SBS3	0.919761947901713	50	0.6
SBS3	0.931566990480704	50	0.6
SBS3	0.929727243585276	50	0.6
SBS3	0.937253480884751	50	0.6
SBS3	0.923120879733516	50	0.6
SBS3	0.931762115151431	50	0.6
SBS3	0.937727355085088	50	0.6
SBS3	0.927246372771746	50	0.6
SBS3	0.924444939999164	50	0.6
SBS3	0.929671493679354	50	0.6
SBS3	0.926075624747383	50	0.6
SBS3	0.935100140768512	50	0.6
SBS3	0.943720469971707	50	0.6
SBS3	0.910688650712902	50	0.6
SBS3	0.927748121925044	50	0.6
SBS3	0.924849126817099	50	0.6
SBS3	0.932695926075625	50	0.6
SBS3	0.931148866186288	50	0.6
SBS3	0.934340548300325	50	0.6
SBS3	0.91885601193048	50	0.6
SBS3	0.916319391211027	50	0.6
SBS3	0.929950243208965	50	0.6
SBS3	0.919497135848583	50	0.6
SBS3	0.931789990104392	50	0.6
SBS3	0.927288185201187	50	0.6
SBS3	0.94271697166511	50	0.6
SBS3	0.931539115527743	50	0.6
SBS3	0.932751675981547	50	0.6
SBS3	0.923859565986982	50	0.6
SBS3	0.92901643228477	50	0.6
SBS3	0.931079178803886	50	0.6
SBS3	0.927692372019122	50	0.6
SBS3	0.922939692539269	50	0.6
SBS3	0.92954605639103	50	0.6
SBS3	0.935357984083402	50	0.6
SBS3	0.925504188211682	50	0.6
SBS3	0.916626015693598	50	0.6
SBS3	0.932779550934508	50	0.6
SBS3	0.920486696678699	50	0.6
SBS3	0.922437943385971	50	0.6
SBS3	0.930173242832653	50	0.6
SBS3	0.941811035693877	50	0.6
SBS3	0.918521512494948	50	0.6
SBS5	0.868922810732052	50	0.6
SBS5	0.862121367346242	50	0.6
SBS5	0.865211897688078	50	0.6
SBS5	0.875974683832485	50	0.6
SBS5	0.879070905758745	50	0.6
SBS5	0.862633609944336	50	0.6
SBS5	0.878006579471593	50	0.6
SBS5	0.860163462304636	50	0.6
SBS5	0.87739188835388	50	0.6
SBS5	0.869776548395542	50	0.6
SBS5	0.87431274118089	50	0.6
SBS5	0.872223929697549	50	0.6
SBS5	0.886919600678437	50	0.6
SBS5	0.884170565401997	50	0.6
SBS5	0.865018383817687	50	0.6
SBS5	0.854084850140582	50	0.6
SBS5	0.886430124418035	50	0.6
SBS5	0.879628681032226	50	0.6
SBS5	0.882337875217703	50	0.6
SBS5	0.884119341142187	50	0.6
SBS5	0.864341085271318	50	0.6
SBS5	0.86199615248893	50	0.6
SBS5	0.874972964973989	50	0.6
SBS5	0.875695796195745	50	0.6
SBS5	0.873880180764721	50	0.6
SBS5	0.889452355746793	50	0.6
SBS5	0.866862457170827	50	0.6
SBS5	0.877517103211192	50	0.6
SBS5	0.8872041798996	50	0.6
SBS5	0.871085612812895	50	0.6
SBS5	0.874056619881843	50	0.6
SBS5	0.876390169495384	50	0.6
SBS5	0.891324887022049	50	0.6
SBS5	0.886811460574395	50	0.6
SBS5	0.876014524923448	50	0.6
SBS5	0.865166365012692	50	0.6
SBS5	0.871444182631561	50	0.6
SBS5	0.862212432697014	50	0.6
SBS5	0.862946647087616	50	0.6
SBS5	0.876344636819998	50	0.6
SBS5	0.877915514120821	50	0.6
SBS5	0.876913795262325	50	0.6
SBS5	0.87859281266719	50	0.6
SBS5	0.858222632016301	50	0.6
SBS5	0.874540404557821	50	0.6
SBS5	0.874449339207048	50	0.6
SBS5	0.863931291192842	50	0.6
SBS5	0.870266024655944	50	0.6
SBS5	0.884642966909128	50	0.6
SBS5	0.874597320402054	50	0.6
APOBEC	0.949894957983193	50	0.7
APOBEC	0.934033613445378	50	0.7
APOBEC	0.967148109243697	50	0.7
APOBEC	0.935582983193277	50	0.7
APOBEC	0.961528361344538	50	0.7
APOBEC	0.961922268907563	50	0.7
APOBEC	0.949396008403361	50	0.7
APOBEC	0.952836134453781	50	0.7
APOBEC	0.938524159663866	50	0.7
APOBEC	0.932011554621849	50	0.7
APOBEC	0.940572478991597	50	0.7
APOBEC	0.946691176470588	50	0.7
APOBEC	0.946008403361345	50	0.7
APOBEC	0.92749474789916	50	0.7
APOBEC	0.940546218487395	50	0.7
APOBEC	0.942515756302521	50	0.7
APOBEC	0.934716386554622	50	0.7
APOBEC	0.956039915966387	50	0.7
APOBEC	0.92266281512605	50	0.7
APOBEC	0.933350840336134	50	0.7
APOBEC	0.960793067226891	50	0.7
APOBEC	0.949973739495798	50	0.7
APOBEC	0.931696428571429	50	0.7
APOBEC	0.949632352941176	50	0.7
APOBEC	0.918040966386555	50	0.7
APOBEC	0.964942226890756	50	0.7
APOBEC	0.961475840336134	50	0.7
APOBEC	0.964732142857143	50	0.7
APOBEC	0.942725840336134	50	0.7
APOBEC	0.932274159663866	50	0.7
APOBEC	0.947426470588235	50	0.7
APOBEC	0.943461134453782	50	0.7
APOBEC	0.955882352941177	50	0.7
APOBEC	0.954306722689076	50	0.7
APOBEC	0.948214285714286	50	0.7
APOBEC	0.951575630252101	50	0.7
APOBEC	0.936502100840336	50	0.7
APOBEC	0.961974789915966	50	0.7
APOBEC	0.94125525210084	50	0.7
APOBEC	0.931512605042017	50	0.7
APOBEC	0.944406512605042	50	0.7
APOBEC	0.936475840336135	50	0.7
APOBEC	0.950105042016807	50	0.7
APOBEC	0.938524159663866	50	0.7
APOBEC	0.95249474789916	50	0.7
APOBEC	0.932431722689076	50	0.7
APOBEC	0.920483193277311	50	0.7
APOBEC	0.959926470588235	50	0.7
APOBEC	0.943093487394958	50	0.7
APOBEC	0.948686974789916	50	0.7
SBS3	0.932974675605235	50	0.7
SBS3	0.912974396855705	50	0.7
SBS3	0.90925309063541	50	0.7
SBS3	0.932877113269871	50	0.7
SBS3	0.928828276352284	50	0.7
SBS3	0.90022160587604	50	0.7
SBS3	0.938633291056321	50	0.7
SBS3	0.91775495128852	50	0.7
SBS3	0.932110552063443	50	0.7
SBS3	0.924208002898995	50	0.7
SBS3	0.935650671089493	50	0.7
SBS3	0.922939692539269	50	0.7
SBS3	0.923636566363294	50	0.7
SBS3	0.930897991609639	50	0.7
SBS3	0.918709668427435	50	0.7
SBS3	0.921852569373789	50	0.7
SBS3	0.924166190469554	50	0.7
SBS3	0.918981449218804	50	0.7
SBS3	0.931413678239418	50	0.7
SBS3	0.934047861294234	50	0.7
SBS3	0.903190288366388	50	0.7
SBS3	0.926842185953811	50	0.7
SBS3	0.924960626628943	50	0.7
SBS3	0.934591422876974	50	0.7
SBS3	0.933141925323001	50	0.7
SBS3	0.934256923441442	50	0.7
SBS3	0.919552885754505	50	0.7
SBS3	0.918005825865169	50	0.7
SBS3	0.923552941504411	50	0.7
SBS3	0.916068516634378	50	0.7
SBS3	0.925253313635033	50	0.7
SBS3	0.922939692539269	50	0.7
SBS3	0.939023540397776	50	0.7
SBS3	0.932779550934508	50	0.7
SBS3	0.92898855733181	50	0.7
SBS3	0.915274080474989	50	0.7
SBS3	0.924026815704749	50	0.7
SBS3	0.927204560342304	50	0.7
SBS3	0.925183626252631	50	0.7
SBS3	0.924695814575813	50	0.7
SBS3	0.923894409678184	50	0.7
SBS3	0.924221940375476	50	0.7
SBS3	0.921309007791049	50	0.7
SBS3	0.910702588189382	50	0.7
SBS3	0.930215055262094	50	0.7
SBS3	0.916556328311196	50	0.7
SBS3	0.91939957351322	50	0.7
SBS3	0.924904876723021	50	0.7
SBS3	0.93640329481944	50	0.7
SBS3	0.915511017575158	50	0.7
SBS5	0.849531582601965	50	0.7
SBS5	0.833925258113354	50	0.7
SBS5	0.839998178692985	50	0.7
SBS5	0.837254835000968	50	0.7
SBS5	0.842160980773828	50	0.7
SBS5	0.830037905952259	50	0.7
SBS5	0.847266332001503	50	0.7
SBS5	0.823913761112819	50	0.7
SBS5	0.847562294391513	50	0.7
SBS5	0.838916777652563	50	0.7
SBS5	0.836822274584799	50	0.7
SBS5	0.842991952099626	50	0.7
SBS5	0.855906157156029	50	0.7
SBS5	0.854580017985407	50	0.7
SBS5	0.836958872610957	50	0.7
SBS5	0.828984962833954	50	0.7
SBS5	0.855456521986591	50	0.7
SBS5	0.846167856207811	50	0.7
SBS5	0.850174731641794	50	0.7
SBS5	0.841603205500347	50	0.7
SBS5	0.834181379412401	50	0.7
SBS5	0.844135960568703	50	0.7
SBS5	0.853504308529408	50	0.7
SBS5	0.839508702432583	50	0.7
SBS5	0.847943630547872	50	0.7
SBS5	0.860368359343874	50	0.7
SBS5	0.840470580200116	50	0.7
SBS5	0.847556602807089	50	0.7
SBS5	0.848973807328484	50	0.7
SBS5	0.838774488041981	50	0.7
SBS5	0.836759667156143	50	0.7
SBS5	0.836224658220355	50	0.7
SBS5	0.857613632483011	50	0.7
SBS5	0.857949435963984	50	0.7
SBS5	0.848154219171533	50	0.7
SBS5	0.825848899816731	50	0.7
SBS5	0.840436430693576	50	0.7
SBS5	0.831563250577696	50	0.7
SBS5	0.833828501178158	50	0.7
SBS5	0.848199751846919	50	0.7
SBS5	0.842690298125192	50	0.7
SBS5	0.844653894751221	50	0.7
SBS5	0.849554348939658	50	0.7
SBS5	0.82221197737026	50	0.7
SBS5	0.844562829400448	50	0.7
SBS5	0.840601486641851	50	0.7
SBS5	0.839867272251249	50	0.7
SBS5	0.828632084599711	50	0.7
SBS5	0.844676661088914	50	0.7
SBS5	0.832183633279832	50	0.7
APOBEC	0.896533613445378	50	0.8
APOBEC	0.863681722689076	50	0.8
APOBEC	0.909585084033613	50	0.8
APOBEC	0.883692226890756	50	0.8
APOBEC	0.902704831932773	50	0.8
APOBEC	0.91171218487395	50	0.8
APOBEC	0.870772058823529	50	0.8
APOBEC	0.879648109243698	50	0.8
APOBEC	0.851076680672269	50	0.8
APOBEC	0.857274159663866	50	0.8
APOBEC	0.858797268907563	50	0.8
APOBEC	0.88844537815126	50	0.8
APOBEC	0.883193277310924	50	0.8
APOBEC	0.872321428571429	50	0.8
APOBEC	0.88093487394958	50	0.8
APOBEC	0.852599789915966	50	0.8
APOBEC	0.860451680672269	50	0.8
APOBEC	0.883455882352941	50	0.8
APOBEC	0.866018907563025	50	0.8
APOBEC	0.869984243697479	50	0.8
APOBEC	0.905856092436975	50	0.8
APOBEC	0.885504201680672	50	0.8
APOBEC	0.894774159663866	50	0.8
APOBEC	0.881197478991597	50	0.8
APOBEC	0.852389705882353	50	0.8
APOBEC	0.897242647058824	50	0.8
APOBEC	0.906591386554622	50	0.8
APOBEC	0.913051470588235	50	0.8
APOBEC	0.870667016806723	50	0.8
APOBEC	0.87547268907563	50	0.8
APOBEC	0.888077731092437	50	0.8
APOBEC	0.871139705882353	50	0.8
APOBEC	0.911423319327731	50	0.8
APOBEC	0.907589285714286	50	0.8
APOBEC	0.883272058823529	50	0.8
APOBEC	0.874290966386555	50	0.8
APOBEC	0.882326680672269	50	0.8
APOBEC	0.904936974789916	50	0.8
APOBEC	0.881355042016807	50	0.8
APOBEC	0.888471638655462	50	0.8
APOBEC	0.881039915966387	50	0.8
APOBEC	0.857457983193277	50	0.8
APOBEC	0.870982142857143	50	0.8
APOBEC	0.857431722689076	50	0.8
APOBEC	0.886186974789916	50	0.8
APOBEC	0.877442226890756	50	0.8
APOBEC	0.863996848739496	50	0.8
APOBEC	0.876838235294118	50	0.8
APOBEC	0.891622899159664	50	0.8
APOBEC	0.889548319327731	50	0.8
SBS3	0.936096670336869	50	0.8
SBS3	0.908695591576189	50	0.8
SBS3	0.908681654099709	50	0.8
SBS3	0.929755118538237	50	0.8
SBS3	0.920124322290206	50	0.8
SBS3	0.899441107193132	50	0.8
SBS3	0.931441553192379	50	0.8
SBS3	0.915511017575158	50	0.8
SBS3	0.928932807425887	50	0.8
SBS3	0.917322889517624	50	0.8
SBS3	0.925504188211682	50	0.8
SBS3	0.91967832304283	50	0.8
SBS3	0.922382193480048	50	0.8
SBS3	0.924528564858047	50	0.8
SBS3	0.921573819844179	50	0.8
SBS3	0.917406514376507	50	0.8
SBS3	0.919371698560259	50	0.8
SBS3	0.919901322666518	50	0.8
SBS3	0.930744679368354	50	0.8
SBS3	0.926410124182915	50	0.8
SBS3	0.899022982898716	50	0.8
SBS3	0.926549498947721	50	0.8
SBS3	0.928807370137563	50	0.8
SBS3	0.933420674852611	50	0.8
SBS3	0.926521623994759	50	0.8
SBS3	0.931650615339587	50	0.8
SBS3	0.920444884249258	50	0.8
SBS3	0.916779327934884	50	0.8
SBS3	0.918842074453999	50	0.8
SBS3	0.919009324171766	50	0.8
SBS3	0.925100001393748	50	0.8
SBS3	0.921755007038426	50	0.8
SBS3	0.932709863552105	50	0.8
SBS3	0.927985059025213	50	0.8
SBS3	0.928040808931135	50	0.8
SBS3	0.909099778394124	50	0.8
SBS3	0.925525094426403	50	0.8
SBS3	0.922814255250944	50	0.8
SBS3	0.926591311377162	50	0.8
SBS3	0.92379684734282	50	0.8
SBS3	0.920584259014063	50	0.8
SBS3	0.91912082398361	50	0.8
SBS3	0.918674824736233	50	0.8
SBS3	0.905183347503101	50	0.8
SBS3	0.91721138970578	50	0.8
SBS3	0.915817642057729	50	0.8
SBS3	0.911315837154525	50	0.8
SBS3	0.921490194985296	50	0.8
SBS3	0.936486919678323	50	0.8
SBS3	0.910772275571785	50	0.8
SBS5	0.835109107673394	50	0.8
SBS5	0.796491707361495	50	0.8
SBS5	0.808887978235381	50	0.8
SBS5	0.81328757299457	50	0.8
SBS5	0.808324511377477	50	0.8
SBS5	0.817186308324511	50	0.8
SBS5	0.818945007911302	50	0.8
SBS5	0.78834135846737	50	0.8
SBS5	0.801010825393573	50	0.8
SBS5	0.800413209029129	50	0.8
SBS5	0.816605766713338	50	0.8
SBS5	0.806417830595681	50	0.8
SBS5	0.826657104804836	50	0.8
SBS5	0.814448656216918	50	0.8
SBS5	0.799832667417956	50	0.8
SBS5	0.804687588931007	50	0.8
SBS5	0.823321836332798	50	0.8
SBS5	0.820157315393459	50	0.8
SBS5	0.834039089801819	50	0.8
SBS5	0.8130257601111	50	0.8
SBS5	0.805626700360846	50	0.8
SBS5	0.79850083666291	50	0.8
SBS5	0.828626393015288	50	0.8
SBS5	0.813697367073046	50	0.8
SBS5	0.823122630877984	50	0.8
SBS5	0.828854056392218	50	0.8
SBS5	0.820749240173479	50	0.8
SBS5	0.817818074195495	50	0.8
SBS5	0.822712836799508	50	0.8
SBS5	0.810720668419675	50	0.8
SBS5	0.800976675887033	50	0.8
SBS5	0.806286924153946	50	0.8
SBS5	0.823293378410682	50	0.8
SBS5	0.823987751710321	50	0.8
SBS5	0.819075914353038	50	0.8
SBS5	0.79081150610707	50	0.8
SBS5	0.810009220366766	50	0.8
SBS5	0.818079887078965	50	0.8
SBS5	0.807106512310897	50	0.8
SBS5	0.808466800988059	50	0.8
SBS5	0.811904517979715	50	0.8
SBS5	0.80749354005168	50	0.8
SBS5	0.812371227902423	50	0.8
SBS5	0.791682318523831	50	0.8
SBS5	0.81452264681442	50	0.8
SBS5	0.816571617206798	50	0.8
SBS5	0.806725176154538	50	0.8
SBS5	0.79945702284602	50	0.8
SBS5	0.823122630877984	50	0.8
SBS5	0.806691026647998	50	0.8
APOBEC	0.742778361344538	50	0.9
APOBEC	0.715756302521008	50	0.9
APOBEC	0.784348739495798	50	0.9
APOBEC	0.74094012605042	50	0.9
APOBEC	0.753046218487395	50	0.9
APOBEC	0.754464285714286	50	0.9
APOBEC	0.718855042016807	50	0.9
APOBEC	0.696060924369748	50	0.9
APOBEC	0.713760504201681	50	0.9
APOBEC	0.686134453781513	50	0.9
APOBEC	0.726969537815126	50	0.9
APOBEC	0.754070378151261	50	0.9
APOBEC	0.74406512605042	50	0.9
APOBEC	0.733797268907563	50	0.9
APOBEC	0.736134453781513	50	0.9
APOBEC	0.704385504201681	50	0.9
APOBEC	0.709795168067227	50	0.9
APOBEC	0.763996848739496	50	0.9
APOBEC	0.742778361344538	50	0.9
APOBEC	0.728151260504202	50	0.9
APOBEC	0.782195378151261	50	0.9
APOBEC	0.743146008403361	50	0.9
APOBEC	0.751628151260504	50	0.9
APOBEC	0.742620798319328	50	0.9
APOBEC	0.706118697478992	50	0.9
APOBEC	0.76265756302521	50	0.9
APOBEC	0.770483193277311	50	0.9
APOBEC	0.772584033613445	50	0.9
APOBEC	0.720955882352941	50	0.9
APOBEC	0.729122899159664	50	0.9
APOBEC	0.743618697478992	50	0.9
APOBEC	0.705435924369748	50	0.9
APOBEC	0.763996848739496	50	0.9
APOBEC	0.752941176470588	50	0.9
APOBEC	0.760189075630252	50	0.9
APOBEC	0.772478991596639	50	0.9
APOBEC	0.737421218487395	50	0.9
APOBEC	0.753413865546218	50	0.9
APOBEC	0.741964285714286	50	0.9
APOBEC	0.752573529411765	50	0.9
APOBEC	0.726917016806723	50	0.9
APOBEC	0.718539915966387	50	0.9
APOBEC	0.732484243697479	50	0.9
APOBEC	0.731827731092437	50	0.9
APOBEC	0.759401260504202	50	0.9
APOBEC	0.75625	50	0.9
APOBEC	0.739574579831933	50	0.9
APOBEC	0.699290966386555	50	0.9
APOBEC	0.725183823529412	50	0.9
APOBEC	0.745798319327731	50	0.9
SBS3	0.930870116656678	50	0.9
SBS3	0.910521400995136	50	0.9
SBS3	0.908584091764345	50	0.9
SBS3	0.925894437553137	50	0.9
SBS3	0.916535422096475	50	0.9
SBS3	0.903928974619855	50	0.9
SBS3	0.923985003275307	50	0.9
SBS3	0.907650280840151	50	0.9
SBS3	0.922883942633347	50	0.9
SBS3	0.914605081603925	50	0.9
SBS3	0.922772442821503	50	0.9
SBS3	0.917643451476676	50	0.9
SBS3	0.922256756191724	50	0.9
SBS3	0.921113883120322	50	0.9
SBS3	0.919580760707466	50	0.9
SBS3	0.912737459755537	50	0.9
SBS3	0.916779327934884	50	0.9
SBS3	0.915873391963651	50	0.9
SBS3	0.928633151681557	50	0.9
SBS3	0.923093004780554	50	0.9
SBS3	0.898465483839496	50	0.9
SBS3	0.921504132461776	50	0.9
SBS3	0.934033923817754	50	0.9
SBS3	0.928793432661082	50	0.9
SBS3	0.924584314763969	50	0.9
SBS3	0.93202692720456	50	0.9
SBS3	0.914967455992418	50	0.9
SBS3	0.917518014188351	50	0.9
SBS3	0.917950075959247	50	0.9
SBS3	0.914061520021185	50	0.9
SBS3	0.921803788206107	50	0.9
SBS3	0.920110384813726	50	0.9
SBS3	0.929253369384939	50	0.9
SBS3	0.923901378416424	50	0.9
SBS3	0.925657500452968	50	0.9
SBS3	0.903524787801921	50	0.9
SBS3	0.918911761836402	50	0.9
SBS3	0.919106886507129	50	0.9
SBS3	0.920249759578531	50	0.9
SBS3	0.922584286889016	50	0.9
SBS3	0.917308952041143	50	0.9
SBS3	0.920180072196128	50	0.9
SBS3	0.915524955051638	50	0.9
SBS3	0.89721111095625	50	0.9
SBS3	0.910312338847928	50	0.9
SBS3	0.913894270303419	50	0.9
SBS3	0.912946521902744	50	0.9
SBS3	0.919260198748415	50	0.9
SBS3	0.932152364492885	50	0.9
SBS3	0.910270526418487	50	0.9
SBS5	0.802604469032089	50	0.9
SBS5	0.783924688954911	50	0.9
SBS5	0.792524673018475	50	0.9
SBS5	0.804243645345991	50	0.9
SBS5	0.789069881273549	50	0.9
SBS5	0.79756172523307	50	0.9
SBS5	0.791443271978053	50	0.9
SBS5	0.780526813054218	50	0.9
SBS5	0.794476886475657	50	0.9
SBS5	0.789365843663559	50	0.9
SBS5	0.800219695158738	50	0.9
SBS5	0.787362405946567	50	0.9
SBS5	0.812308620473768	50	0.9
SBS5	0.815956926089085	50	0.9
SBS5	0.791881523978645	50	0.9
SBS5	0.784863800384751	50	0.9
SBS5	0.803759860670013	50	0.9
SBS5	0.803924916618288	50	0.9
SBS5	0.803304533916152	50	0.9
SBS5	0.795450147412037	50	0.9
SBS5	0.787920181220048	50	0.9
SBS5	0.787533153479266	50	0.9
SBS5	0.812467984837619	50	0.9
SBS5	0.797095015310362	50	0.9
SBS5	0.808984735170577	50	0.9
SBS5	0.807914717299002	50	0.9
SBS5	0.791619711095175	50	0.9
SBS5	0.807618754908992	50	0.9
SBS5	0.818387232637822	50	0.9
SBS5	0.804243645345991	50	0.9
SBS5	0.781238261107127	50	0.9
SBS5	0.79789183712962	50	0.9
SBS5	0.811403658550467	50	0.9
SBS5	0.805438878074878	50	0.9
SBS5	0.789701647144532	50	0.9
SBS5	0.789411376338945	50	0.9
SBS5	0.797704014843652	50	0.9
SBS5	0.808927819326344	50	0.9
SBS5	0.790145590729547	50	0.9
SBS5	0.782575783446596	50	0.9
SBS5	0.797783697025578	50	0.9
SBS5	0.793310111668886	50	0.9
SBS5	0.790253730833589	50	0.9
SBS5	0.778580291181459	50	0.9
SBS5	0.791653860601714	50	0.9
SBS5	0.802336964564195	50	0.9
SBS5	0.787026602465594	50	0.9
SBS5	0.799639153547565	50	0.9
SBS5	0.806395064257988	50	0.9
SBS5	0.79449965281335	50	0.9
APOBEC	0.513077731092437	50	1
APOBEC	0.482274159663866	50	1
APOBEC	0.509138655462185	50	1
APOBEC	0.513103991596639	50	1
APOBEC	0.503308823529412	50	1
APOBEC	0.501890756302521	50	1
APOBEC	0.521008403361345	50	1
APOBEC	0.500682773109244	50	1
APOBEC	0.535399159663866	50	1
APOBEC	0.50063025210084	50	1
APOBEC	0.495351890756303	50	1
APOBEC	0.503676470588235	50	1
APOBEC	0.511764705882353	50	1
APOBEC	0.506197478991597	50	1
APOBEC	0.532668067226891	50	1
APOBEC	0.501969537815126	50	1
APOBEC	0.498398109243697	50	1
APOBEC	0.51499474789916	50	1
APOBEC	0.529989495798319	50	1
APOBEC	0.525078781512605	50	1
APOBEC	0.508482142857143	50	1
APOBEC	0.487998949579832	50	1
APOBEC	0.509164915966387	50	1
APOBEC	0.543487394957983	50	1
APOBEC	0.509322478991597	50	1
APOBEC	0.509585084033613	50	1
APOBEC	0.520955882352941	50	1
APOBEC	0.556486344537815	50	1
APOBEC	0.51906512605042	50	1
APOBEC	0.513235294117647	50	1
APOBEC	0.524789915966387	50	1
APOBEC	0.518618697478992	50	1
APOBEC	0.511265756302521	50	1
APOBEC	0.518224789915966	50	1
APOBEC	0.531197478991597	50	1
APOBEC	0.507615546218487	50	1
APOBEC	0.541859243697479	50	1
APOBEC	0.515362394957983	50	1
APOBEC	0.500840336134454	50	1
APOBEC	0.515598739495798	50	1
APOBEC	0.520614495798319	50	1
APOBEC	0.526313025210084	50	1
APOBEC	0.509401260504202	50	1
APOBEC	0.512132352941176	50	1
APOBEC	0.549028361344538	50	1
APOBEC	0.50265231092437	50	1
APOBEC	0.507773109243697	50	1
APOBEC	0.529017857142857	50	1
APOBEC	0.513813025210084	50	1
APOBEC	0.502704831932773	50	1
SBS3	0.913713083109172	50	1
SBS3	0.924974564105423	50	1
SBS3	0.919566823230986	50	1
SBS3	0.917671326429637	50	1
SBS3	0.924528564858047	50	1
SBS3	0.918075513247571	50	1
SBS3	0.916082454110859	50	1
SBS3	0.918451825112545	50	1
SBS3	0.924375252616761	50	1
SBS3	0.919511073325064	50	1
SBS3	0.915873391963651	50	1
SBS3	0.917831607409162	50	1
SBS3	0.922166162594601	50	1
SBS3	0.926396186706435	50	1
SBS3	0.914214832262471	50	1
SBS3	0.908807091388033	50	1
SBS3	0.916361203640469	50	1
SBS3	0.925587813070565	50	1
SBS3	0.914354207027276	50	1
SBS3	0.91172002397246	50	1
SBS3	0.903524787801921	50	1
SBS3	0.910883775383629	50	1
SBS3	0.922298568621165	50	1
SBS3	0.910117214177201	50	1
SBS3	0.913037115499868	50	1
SBS3	0.925678406667689	50	1
SBS3	0.920403071819816	50	1
SBS3	0.910117214177201	50	1
SBS3	0.916570265787676	50	1
SBS3	0.921559882367698	50	1
SBS3	0.92186650685027	50	1
SBS3	0.913197396479393	50	1
SBS3	0.912145117005115	50	1
SBS3	0.916096391587339	50	1
SBS3	0.918758449595116	50	1
SBS3	0.906416814171626	50	1
SBS3	0.909364590447254	50	1
SBS3	0.916291516258066	50	1
SBS3	0.917030202511533	50	1
SBS3	0.915441330192755	50	1
SBS3	0.911713055234219	50	1
SBS3	0.914702643939288	50	1
SBS3	0.914521456745042	50	1
SBS3	0.923288129451282	50	1
SBS3	0.923706253745697	50	1
SBS3	0.921420507602893	50	1
SBS3	0.911385524536927	50	1
SBS3	0.92734393510711	50	1
SBS3	0.911789711354862	50	1
SBS3	0.911761836401901	50	1
SBS5	0.776707759906203	50	1
SBS5	0.783372605265854	50	1
SBS5	0.782786372070257	50	1
SBS5	0.790276497171283	50	1
SBS5	0.773395257771858	50	1
SBS5	0.784072670149916	50	1
SBS5	0.776628077724277	50	1
SBS5	0.791226991769969	50	1
SBS5	0.800384751107013	50	1
SBS5	0.779428337260527	50	1
SBS5	0.784311716695694	50	1
SBS5	0.783839315188562	50	1
SBS5	0.796281118737834	50	1
SBS5	0.792974308187913	50	1
SBS5	0.775523910346162	50	1
SBS5	0.791949822991724	50	1
SBS5	0.7905496932236	50	1
SBS5	0.773560313720133	50	1
SBS5	0.781995241835422	50	1
SBS5	0.773213127070314	50	1
SBS5	0.771522726496602	50	1
SBS5	0.775854022242712	50	1
SBS5	0.793680064656399	50	1
SBS5	0.79023665608032	50	1
SBS5	0.784892258306867	50	1
SBS5	0.793253195824654	50	1
SBS5	0.776474404944849	50	1
SBS5	0.784049903812223	50	1
SBS5	0.786571275711733	50	1
SBS5	0.791295290783048	50	1
SBS5	0.784271875604731	50	1
SBS5	0.785529715762274	50	1
SBS5	0.783042493369304	50	1
SBS5	0.788608862935264	50	1
SBS5	0.775876788580405	50	1
SBS5	0.781579756172523	50	1
SBS5	0.798910630741386	50	1
SBS5	0.796651071725347	50	1
SBS5	0.789479675352024	50	1
SBS5	0.781369167548862	50	1
SBS5	0.783918997370488	50	1
SBS5	0.790925337795536	50	1
SBS5	0.778318478297989	50	1
SBS5	0.787493312388303	50	1
SBS5	0.783247390408542	50	1
SBS5	0.800635180821637	50	1
SBS5	0.782313970563125	50	1
SBS5	0.792957233434644	50	1
SBS5	0.782279821056586	50	1
SBS5	0.788153536181402	50	1
