Pheno	AUC	sample_size	indel_prop
APOBEC	0.998056722689076	100	0
APOBEC	0.999632352941176	100	0
APOBEC	0.998660714285714	100	0
APOBEC	0.997295168067227	100	0
APOBEC	0.997689075630252	100	0
APOBEC	0.996507352941176	100	0
APOBEC	0.999396008403361	100	0
APOBEC	0.998634453781513	100	0
APOBEC	0.999606092436975	100	0
APOBEC	0.999185924369748	100	0
APOBEC	0.998765756302521	100	0
APOBEC	0.999396008403361	100	0
APOBEC	0.998608193277311	100	0
APOBEC	0.998319327731092	100	0
APOBEC	0.997452731092437	100	0
APOBEC	0.996297268907563	100	0
APOBEC	0.998082983193277	100	0
APOBEC	0.998476890756303	100	0
APOBEC	0.997741596638655	100	0
APOBEC	0.999474789915966	100	0
APOBEC	0.998870798319328	100	0
APOBEC	0.998555672268908	100	0
APOBEC	0.995772058823529	100	0
APOBEC	0.998450630252101	100	0
APOBEC	0.999107142857143	100	0
APOBEC	0.999264705882353	100	0
APOBEC	0.998529411764706	100	0
APOBEC	0.997584033613445	100	0
APOBEC	0.997899159663866	100	0
APOBEC	0.998056722689076	100	0
APOBEC	0.998686974789916	100	0
APOBEC	0.998555672268908	100	0
APOBEC	0.999054621848739	100	0
APOBEC	0.999080882352941	100	0
APOBEC	0.997373949579832	100	0
APOBEC	0.998844537815126	100	0
APOBEC	0.997977941176471	100	0
APOBEC	0.999474789915966	100	0
APOBEC	0.998739495798319	100	0
APOBEC	0.997137605042017	100	0
APOBEC	0.997794117647059	100	0
APOBEC	0.998975840336134	100	0
APOBEC	0.99968487394958	100	0
APOBEC	0.998240546218487	100	0
APOBEC	0.998345588235294	100	0
APOBEC	0.998476890756303	100	0
APOBEC	0.998030462184874	100	0
APOBEC	0.998634453781513	100	0
APOBEC	0.999133403361345	100	0
APOBEC	0.997242647058823	100	0
SBS3	0.972236546850827	100	0
SBS3	0.972919483198372	100	0
SBS3	0.97778366249007	100	0
SBS3	0.963428061715146	100	0
SBS3	0.975623353635591	100	0
SBS3	0.960041254930382	100	0
SBS3	0.972975233104294	100	0
SBS3	0.969253926883998	100	0
SBS3	0.972111109562503	100	0
SBS3	0.976933476424759	100	0
SBS3	0.970912486585179	100	0
SBS3	0.970564049673166	100	0
SBS3	0.970215612761153	100	0
SBS3	0.973240045157424	100	0
SBS3	0.976766226706992	100	0
SBS3	0.972501358903957	100	0
SBS3	0.964515184880625	100	0
SBS3	0.968682490348298	100	0
SBS3	0.974076293746254	100	0
SBS3	0.969100614642713	100	0
SBS3	0.971539673026802	100	0
SBS3	0.97067554948501	100	0
SBS3	0.970452549861322	100	0
SBS3	0.973393357398709	100	0
SBS3	0.971846297509373	100	0
SBS3	0.973295795063346	100	0
SBS3	0.961379252672511	100	0
SBS3	0.97944222219125	100	0
SBS3	0.980794157409859	100	0
SBS3	0.977128601095486	100	0
SBS3	0.974299293369942	100	0
SBS3	0.975553666253188	100	0
SBS3	0.979121660232198	100	0
SBS3	0.968529178107012	100	0
SBS3	0.975693041017993	100	0
SBS3	0.96627130691717	100	0
SBS3	0.978257536690407	100	0
SBS3	0.97613904026537	100	0
SBS3	0.980599032739132	100	0
SBS3	0.968069241383155	100	0
SBS3	0.965546558140183	100	0
SBS3	0.969908988278582	100	0
SBS3	0.975497916347266	100	0
SBS3	0.972947358151333	100	0
SBS3	0.968821865113103	100	0
SBS3	0.963386249285704	100	0
SBS3	0.976292352506655	100	0
SBS3	0.971525735550321	100	0
SBS3	0.974661667758436	100	0
SBS3	0.959943692595019	100	0
SBS5	0.972634862092909	100	0
SBS5	0.974979794875297	100	0
SBS5	0.978702091088117	100	0
SBS5	0.975344056278387	100	0
SBS5	0.975423738460313	100	0
SBS5	0.972486880897904	100	0
SBS5	0.977939418775399	100	0
SBS5	0.977632073216542	100	0
SBS5	0.976607588020353	100	0
SBS5	0.977745904905007	100	0
SBS5	0.978019100957324	100	0
SBS5	0.975435121629159	100	0
SBS5	0.978622408906191	100	0
SBS5	0.975935981058407	100	0
SBS5	0.973556898769479	100	0
SBS5	0.974330954251044	100	0
SBS5	0.970073649102437	100	0
SBS5	0.976527905838427	100	0
SBS5	0.976095345422259	100	0
SBS5	0.972361666040592	100	0
SBS5	0.973511366094093	100	0
SBS5	0.977882502931166	100	0
SBS5	0.971246115493631	100	0
SBS5	0.978030484126171	100	0
SBS5	0.976596204851507	100	0
SBS5	0.978747623763503	100	0
SBS5	0.975059477057223	100	0
SBS5	0.980045305012009	100	0
SBS5	0.984849002265251	100	0
SBS5	0.973978076016802	100	0
SBS5	0.978690707919271	100	0
SBS5	0.979817641635078	100	0
SBS5	0.983904199250987	100	0
SBS5	0.976539289007274	100	0
SBS5	0.975218841421075	100	0
SBS5	0.976300242461496	100	0
SBS5	0.982868330885952	100	0
SBS5	0.980990108026272	100	0
SBS5	0.978371979191567	100	0
SBS5	0.975947364227254	100	0
SBS5	0.96792223019044	100	0
SBS5	0.974353720588737	100	0
SBS5	0.979111885166593	100	0
SBS5	0.983414722990586	100	0
SBS5	0.972099853157122	100	0
SBS5	0.972452731391365	100	0
SBS5	0.977153980124987	100	0
SBS5	0.97691493357921	100	0
SBS5	0.977575157372309	100	0
SBS5	0.972145385832508	100	0
APOBEC	0.998949579831933	100	0.1
APOBEC	0.999028361344538	100	0.1
APOBEC	0.998555672268908	100	0.1
APOBEC	0.998424369747899	100	0.1
APOBEC	0.997137605042017	100	0.1
APOBEC	0.99671743697479	100	0.1
APOBEC	0.999133403361344	100	0.1
APOBEC	0.999343487394958	100	0.1
APOBEC	0.999238445378151	100	0.1
APOBEC	0.998949579831933	100	0.1
APOBEC	0.999264705882353	100	0.1
APOBEC	0.999343487394958	100	0.1
APOBEC	0.998660714285714	100	0.1
APOBEC	0.998056722689076	100	0.1
APOBEC	0.997584033613445	100	0.1
APOBEC	0.99703256302521	100	0.1
APOBEC	0.998476890756303	100	0.1
APOBEC	0.998739495798319	100	0.1
APOBEC	0.998030462184874	100	0.1
APOBEC	0.998739495798319	100	0.1
APOBEC	0.999080882352941	100	0.1
APOBEC	0.998371848739496	100	0.1
APOBEC	0.995982142857143	100	0.1
APOBEC	0.998450630252101	100	0.1
APOBEC	0.999185924369748	100	0.1
APOBEC	0.99936974789916	100	0.1
APOBEC	0.998135504201681	100	0.1
APOBEC	0.997767857142857	100	0.1
APOBEC	0.998476890756303	100	0.1
APOBEC	0.998266806722689	100	0.1
APOBEC	0.998398109243697	100	0.1
APOBEC	0.998897058823529	100	0.1
APOBEC	0.999107142857143	100	0.1
APOBEC	0.999107142857143	100	0.1
APOBEC	0.997584033613445	100	0.1
APOBEC	0.998765756302521	100	0.1
APOBEC	0.998398109243697	100	0.1
APOBEC	0.998844537815126	100	0.1
APOBEC	0.998923319327731	100	0.1
APOBEC	0.998503151260504	100	0.1
APOBEC	0.997715336134454	100	0.1
APOBEC	0.999002100840336	100	0.1
APOBEC	0.999553571428571	100	0.1
APOBEC	0.998293067226891	100	0.1
APOBEC	0.998581932773109	100	0.1
APOBEC	0.998897058823529	100	0.1
APOBEC	0.998266806722689	100	0.1
APOBEC	0.998240546218487	100	0.1
APOBEC	0.999238445378151	100	0.1
APOBEC	0.997767857142857	100	0.1
SBS3	0.977170413524927	100	0.1
SBS3	0.980571157786171	100	0.1
SBS3	0.985616524272115	100	0.1
SBS3	0.981017157033548	100	0.1
SBS3	0.979846409009185	100	0.1
SBS3	0.970341050049478	100	0.1
SBS3	0.984403963818311	100	0.1
SBS3	0.978215724260965	100	0.1
SBS3	0.974438668134748	100	0.1
SBS3	0.984529401106636	100	0.1
SBS3	0.98464090091848	100	0.1
SBS3	0.976919538948278	100	0.1
SBS3	0.975191291864695	100	0.1
SBS3	0.979358597332367	100	0.1
SBS3	0.983623465135403	100	0.1
SBS3	0.973755731787203	100	0.1
SBS3	0.974118106175696	100	0.1
SBS3	0.981170469274833	100	0.1
SBS3	0.979149535185159	100	0.1
SBS3	0.980320283209522	100	0.1
SBS3	0.979748846673821	100	0.1
SBS3	0.978940473037952	100	0.1
SBS3	0.984027651953337	100	0.1
SBS3	0.982968403740819	100	0.1
SBS3	0.979539784526614	100	0.1
SBS3	0.976808039136434	100	0.1
SBS3	0.976487477177382	100	0.1
SBS3	0.984417901294792	100	0.1
SBS3	0.985142650071778	100	0.1
SBS3	0.980877782268742	100	0.1
SBS3	0.982480592064001	100	0.1
SBS3	0.980947469651145	100	0.1
SBS3	0.98436215138887	100	0.1
SBS3	0.976654726895148	100	0.1
SBS3	0.978996222943874	100	0.1
SBS3	0.975442166441344	100	0.1
SBS3	0.987874395461958	100	0.1
SBS3	0.983247153270429	100	0.1
SBS3	0.980780219933379	100	0.1
SBS3	0.974201731034579	100	0.1
SBS3	0.97753278791342	100	0.1
SBS3	0.97258498376284	100	0.1
SBS3	0.982132155151988	100	0.1
SBS3	0.98054328283321	100	0.1
SBS3	0.978703535937783	100	0.1
SBS3	0.9786199110789	100	0.1
SBS3	0.982341217299196	100	0.1
SBS3	0.983065966076182	100	0.1
SBS3	0.981058969462989	100	0.1
SBS3	0.973435169828151	100	0.1
SBS5	0.974000842354495	100	0.1
SBS5	0.975605869161857	100	0.1
SBS5	0.981422668442441	100	0.1
SBS5	0.976823868228437	100	0.1
SBS5	0.969310976789719	100	0.1
SBS5	0.970494826349759	100	0.1
SBS5	0.97968104360892	100	0.1
SBS5	0.976971849423443	100	0.1
SBS5	0.972839759132147	100	0.1
SBS5	0.980102220856242	100	0.1
SBS5	0.985133581486414	100	0.1
SBS5	0.974717981991827	100	0.1
SBS5	0.977028765267675	100	0.1
SBS5	0.972486880897904	100	0.1
SBS5	0.974957028537604	100	0.1
SBS5	0.970961536272468	100	0.1
SBS5	0.971769741260572	100	0.1
SBS5	0.975355439447233	100	0.1
SBS5	0.974592767134515	100	0.1
SBS5	0.973830094821796	100	0.1
SBS5	0.974752131498366	100	0.1
SBS5	0.976402690981115	100	0.1
SBS5	0.973773178977564	100	0.1
SBS5	0.979510296076222	100	0.1
SBS5	0.977723138567314	100	0.1
SBS5	0.977609306878849	100	0.1
SBS5	0.97717674646268	100	0.1
SBS5	0.979817641635078	100	0.1
SBS5	0.984871768602944	100	0.1
SBS5	0.972327516534053	100	0.1
SBS5	0.978952520802741	100	0.1
SBS5	0.981115322883584	100	0.1
SBS5	0.981604799143986	100	0.1
SBS5	0.976641737526893	100	0.1
SBS5	0.973431683912168	100	0.1
SBS5	0.971155050142859	100	0.1
SBS5	0.984792086421018	100	0.1
SBS5	0.97783697025578	100	0.1
SBS5	0.980352650570866	100	0.1
SBS5	0.976175027604185	100	0.1
SBS5	0.969880135232046	100	0.1
SBS5	0.967057109358103	100	0.1
SBS5	0.981399902104748	100	0.1
SBS5	0.979555828751608	100	0.1
SBS5	0.975105009732609	100	0.1
SBS5	0.974239888900272	100	0.1
SBS5	0.976391307812269	100	0.1
SBS5	0.980295734726633	100	0.1
SBS5	0.976812485059591	100	0.1
SBS5	0.971633143234414	100	0.1
APOBEC	0.998450630252101	100	0.2
APOBEC	0.998765756302521	100	0.2
APOBEC	0.998135504201681	100	0.2
APOBEC	0.998818277310924	100	0.2
APOBEC	0.995588235294118	100	0.2
APOBEC	0.99655987394958	100	0.2
APOBEC	0.998739495798319	100	0.2
APOBEC	0.998870798319328	100	0.2
APOBEC	0.998844537815126	100	0.2
APOBEC	0.998634453781513	100	0.2
APOBEC	0.999159663865546	100	0.2
APOBEC	0.998949579831933	100	0.2
APOBEC	0.998056722689076	100	0.2
APOBEC	0.997872899159664	100	0.2
APOBEC	0.996638655462185	100	0.2
APOBEC	0.997111344537815	100	0.2
APOBEC	0.997925420168067	100	0.2
APOBEC	0.998109243697479	100	0.2
APOBEC	0.99782037815126	100	0.2
APOBEC	0.998555672268908	100	0.2
APOBEC	0.998897058823529	100	0.2
APOBEC	0.998135504201681	100	0.2
APOBEC	0.995246848739496	100	0.2
APOBEC	0.998109243697479	100	0.2
APOBEC	0.998345588235294	100	0.2
APOBEC	0.998188025210084	100	0.2
APOBEC	0.998030462184874	100	0.2
APOBEC	0.997478991596639	100	0.2
APOBEC	0.998975840336134	100	0.2
APOBEC	0.997846638655462	100	0.2
APOBEC	0.998214285714286	100	0.2
APOBEC	0.999238445378151	100	0.2
APOBEC	0.998056722689076	100	0.2
APOBEC	0.999002100840336	100	0.2
APOBEC	0.998266806722689	100	0.2
APOBEC	0.997846638655462	100	0.2
APOBEC	0.998608193277311	100	0.2
APOBEC	0.998293067226891	100	0.2
APOBEC	0.998949579831933	100	0.2
APOBEC	0.998056722689076	100	0.2
APOBEC	0.995772058823529	100	0.2
APOBEC	0.997610294117647	100	0.2
APOBEC	0.998897058823529	100	0.2
APOBEC	0.998450630252101	100	0.2
APOBEC	0.998345588235294	100	0.2
APOBEC	0.997584033613445	100	0.2
APOBEC	0.997636554621849	100	0.2
APOBEC	0.997085084033613	100	0.2
APOBEC	0.999185924369748	100	0.2
APOBEC	0.997741596638655	100	0.2
SBS3	0.970076237996348	100	0.2
SBS3	0.976236602600733	100	0.2
SBS3	0.981003219557067	100	0.2
SBS3	0.979414347238289	100	0.2
SBS3	0.974410793181786	100	0.2
SBS3	0.971581485456243	100	0.2
SBS3	0.978369036502251	100	0.2
SBS3	0.974968292241007	100	0.2
SBS3	0.974132043652176	100	0.2
SBS3	0.978173911831524	100	0.2
SBS3	0.982299404869754	100	0.2
SBS3	0.974814979999721	100	0.2
SBS3	0.972125047038983	100	0.2
SBS3	0.973630294498878	100	0.2
SBS3	0.978522348743536	100	0.2
SBS3	0.968515240630531	100	0.2
SBS3	0.972975233104294	100	0.2
SBS3	0.979247097520523	100	0.2
SBS3	0.972501358903957	100	0.2
SBS3	0.974731355140838	100	0.2
SBS3	0.975679103541513	100	0.2
SBS3	0.972919483198372	100	0.2
SBS3	0.975428228964864	100	0.2
SBS3	0.97615297774185	100	0.2
SBS3	0.975525791300227	100	0.2
SBS3	0.973058857963177	100	0.2
SBS3	0.973476982257592	100	0.2
SBS3	0.979149535185159	100	0.2
SBS3	0.978452661361134	100	0.2
SBS3	0.972891608245411	100	0.2
SBS3	0.979470097144211	100	0.2
SBS3	0.974285355893462	100	0.2
SBS3	0.979762784150302	100	0.2
SBS3	0.974926479811565	100	0.2
SBS3	0.971274860973672	100	0.2
SBS3	0.973630294498878	100	0.2
SBS3	0.97917741013812	100	0.2
SBS3	0.978243599213926	100	0.2
SBS3	0.977044976236603	100	0.2
SBS3	0.972640733668762	100	0.2
SBS3	0.972515296380437	100	0.2
SBS3	0.968361928389246	100	0.2
SBS3	0.978466598837614	100	0.2
SBS3	0.975497916347266	100	0.2
SBS3	0.977100726142525	100	0.2
SBS3	0.975999665500564	100	0.2
SBS3	0.976166915218331	100	0.2
SBS3	0.980445720497847	100	0.2
SBS3	0.973476982257592	100	0.2
SBS3	0.971302735926633	100	0.2
SBS5	0.967011576682717	100	0.2
SBS5	0.969026397568555	100	0.2
SBS5	0.974274038406812	100	0.2
SBS5	0.971519311545948	100	0.2
SBS5	0.957426948513927	100	0.2
SBS5	0.967335996994843	100	0.2
SBS5	0.971553461052488	100	0.2
SBS5	0.969743537205887	100	0.2
SBS5	0.967910847021594	100	0.2
SBS5	0.972521030404444	100	0.2
SBS5	0.977620690047695	100	0.2
SBS5	0.969265444114333	100	0.2
SBS5	0.968132818814102	100	0.2
SBS5	0.965964325148835	100	0.2
SBS5	0.964752017666678	100	0.2
SBS5	0.962697355689877	100	0.2
SBS5	0.967250623228494	100	0.2
SBS5	0.968923949048936	100	0.2
SBS5	0.965748044940751	100	0.2
SBS5	0.969197145101253	100	0.2
SBS5	0.966248904369999	100	0.2
SBS5	0.965611446914592	100	0.2
SBS5	0.965730970187481	100	0.2
SBS5	0.970733872895537	100	0.2
SBS5	0.973887010666029	100	0.2
SBS5	0.967011576682717	100	0.2
SBS5	0.970676957051304	100	0.2
SBS5	0.972555179910984	100	0.2
SBS5	0.974581383965668	100	0.2
SBS5	0.964655260731482	100	0.2
SBS5	0.973352001730242	100	0.2
SBS5	0.975446504798006	100	0.2
SBS5	0.970893237259388	100	0.2
SBS5	0.968923949048936	100	0.2
SBS5	0.964552812211864	100	0.2
SBS5	0.964188550808774	100	0.2
SBS5	0.973773178977564	100	0.2
SBS5	0.968001912372366	100	0.2
SBS5	0.975173308745689	100	0.2
SBS5	0.965008138965725	100	0.2
SBS5	0.958326218852804	100	0.2
SBS5	0.958514041138772	100	0.2
SBS5	0.977222279138066	100	0.2
SBS5	0.972338899702899	100	0.2
SBS5	0.970324078817061	100	0.2
SBS5	0.965588680576899	100	0.2
SBS5	0.97164452640326	100	0.2
SBS5	0.975270065680884	100	0.2
SBS5	0.969811836218967	100	0.2
SBS5	0.966055390499607	100	0.2
APOBEC	0.997715336134454	100	0.3
APOBEC	0.997977941176471	100	0.3
APOBEC	0.99719012605042	100	0.3
APOBEC	0.998240546218487	100	0.3
APOBEC	0.993671218487395	100	0.3
APOBEC	0.995483193277311	100	0.3
APOBEC	0.998713235294118	100	0.3
APOBEC	0.997846638655462	100	0.3
APOBEC	0.998739495798319	100	0.3
APOBEC	0.998581932773109	100	0.3
APOBEC	0.998844537815126	100	0.3
APOBEC	0.998293067226891	100	0.3
APOBEC	0.997058823529412	100	0.3
APOBEC	0.997400210084034	100	0.3
APOBEC	0.995798319327731	100	0.3
APOBEC	0.996060924369748	100	0.3
APOBEC	0.996586134453782	100	0.3
APOBEC	0.996612394957983	100	0.3
APOBEC	0.997268907563025	100	0.3
APOBEC	0.99671743697479	100	0.3
APOBEC	0.998161764705882	100	0.3
APOBEC	0.997242647058823	100	0.3
APOBEC	0.994117647058824	100	0.3
APOBEC	0.997163865546218	100	0.3
APOBEC	0.996980042016807	100	0.3
APOBEC	0.997216386554622	100	0.3
APOBEC	0.996953781512605	100	0.3
APOBEC	0.996980042016807	100	0.3
APOBEC	0.997689075630252	100	0.3
APOBEC	0.996586134453782	100	0.3
APOBEC	0.99703256302521	100	0.3
APOBEC	0.998476890756303	100	0.3
APOBEC	0.996691176470588	100	0.3
APOBEC	0.998188025210084	100	0.3
APOBEC	0.996848739495798	100	0.3
APOBEC	0.995614495798319	100	0.3
APOBEC	0.997557773109244	100	0.3
APOBEC	0.997216386554622	100	0.3
APOBEC	0.999080882352941	100	0.3
APOBEC	0.996664915966387	100	0.3
APOBEC	0.994248949579832	100	0.3
APOBEC	0.996376050420168	100	0.3
APOBEC	0.998319327731092	100	0.3
APOBEC	0.997478991596639	100	0.3
APOBEC	0.99766281512605	100	0.3
APOBEC	0.997452731092437	100	0.3
APOBEC	0.997006302521008	100	0.3
APOBEC	0.995772058823529	100	0.3
APOBEC	0.998319327731092	100	0.3
APOBEC	0.997006302521008	100	0.3
SBS3	0.960278192030551	100	0.3
SBS3	0.958912319335461	100	0.3
SBS3	0.969616301272492	100	0.3
SBS3	0.969630238748972	100	0.3
SBS3	0.961518627437316	100	0.3
SBS3	0.963692873768276	100	0.3
SBS3	0.967832304282986	100	0.3
SBS3	0.965560495616664	100	0.3
SBS3	0.961462877531394	100	0.3
SBS3	0.967595367182818	100	0.3
SBS3	0.972445608998035	100	0.3
SBS3	0.960556941560161	100	0.3
SBS3	0.963358374332743	100	0.3
SBS3	0.963093562279614	100	0.3
SBS3	0.971309704664873	100	0.3
SBS3	0.958814757000098	100	0.3
SBS3	0.963720748721237	100	0.3
SBS3	0.968598865489415	100	0.3
SBS3	0.960682378848486	100	0.3
SBS3	0.965644120475547	100	0.3
SBS3	0.966626712567422	100	0.3
SBS3	0.961281690337148	100	0.3
SBS3	0.96464062216895	100	0.3
SBS3	0.965002996557443	100	0.3
SBS3	0.970459518599562	100	0.3
SBS3	0.96462668469247	100	0.3
SBS3	0.962926312561848	100	0.3
SBS3	0.968459490724609	100	0.3
SBS3	0.97258498376284	100	0.3
SBS3	0.960222442124629	100	0.3
SBS3	0.969316645528161	100	0.3
SBS3	0.963400186762185	100	0.3
SBS3	0.970452549861322	100	0.3
SBS3	0.960152754742226	100	0.3
SBS3	0.965351433469456	100	0.3
SBS3	0.964682434598392	100	0.3
SBS3	0.972794045910047	100	0.3
SBS3	0.971107611255906	100	0.3
SBS3	0.96656399392326	100	0.3
SBS3	0.964124935539171	100	0.3
SBS3	0.956612635716177	100	0.3
SBS3	0.960110942312785	100	0.3
SBS3	0.970703424437971	100	0.3
SBS3	0.964034341942048	100	0.3
SBS3	0.967874116712428	100	0.3
SBS3	0.969212114454557	100	0.3
SBS3	0.97038286247892	100	0.3
SBS3	0.973936918981449	100	0.3
SBS3	0.966800931023429	100	0.3
SBS3	0.96271725041464	100	0.3
SBS5	0.954825894432492	100	0.3
SBS5	0.951735364090656	100	0.3
SBS5	0.960136142699405	100	0.3
SBS5	0.957603387631049	100	0.3
SBS5	0.941843390363009	100	0.3
SBS5	0.95746678960489	100	0.3
SBS5	0.960750833817118	100	0.3
SBS5	0.954290885496705	100	0.3
SBS5	0.952640326013956	100	0.3
SBS5	0.961655795740418	100	0.3
SBS5	0.965730970187481	100	0.3
SBS5	0.948064292137645	100	0.3
SBS5	0.954666530068641	100	0.3
SBS5	0.950505981855229	100	0.3
SBS5	0.958195312411069	100	0.3
SBS5	0.950335234322531	100	0.3
SBS5	0.951541850220264	100	0.3
SBS5	0.953107035936664	100	0.3
SBS5	0.949117235255951	100	0.3
SBS5	0.959225489191681	100	0.3
SBS5	0.951575999726804	100	0.3
SBS5	0.948075675306492	100	0.3
SBS5	0.952293139364136	100	0.3
SBS5	0.960170292205944	100	0.3
SBS5	0.963647850288563	100	0.3
SBS5	0.953420073079944	100	0.3
SBS5	0.956060968252342	100	0.3
SBS5	0.957523705449123	100	0.3
SBS5	0.963243747794511	100	0.3
SBS5	0.949544104087696	100	0.3
SBS5	0.95810993864472	100	0.3
SBS5	0.960170292205944	100	0.3
SBS5	0.957648920306435	100	0.3
SBS5	0.951570308142381	100	0.3
SBS5	0.955127548406925	100	0.3
SBS5	0.951530467051418	100	0.3
SBS5	0.956681350954479	100	0.3
SBS5	0.959481610490728	100	0.3
SBS5	0.965975708317682	100	0.3
SBS5	0.951388177440836	100	0.3
SBS5	0.94118316656991	100	0.3
SBS5	0.943061389429589	100	0.3
SBS5	0.965161811745154	100	0.3
SBS5	0.957039920773145	100	0.3
SBS5	0.95593575339503	100	0.3
SBS5	0.959407619893226	100	0.3
SBS5	0.95903197532129	100	0.3
SBS5	0.965474848888434	100	0.3
SBS5	0.958445742125693	100	0.3
SBS5	0.954922651367688	100	0.3
APOBEC	0.99655987394958	100	0.4
APOBEC	0.996586134453782	100	0.4
APOBEC	0.995010504201681	100	0.4
APOBEC	0.998082983193277	100	0.4
APOBEC	0.992358193277311	100	0.4
APOBEC	0.994616596638655	100	0.4
APOBEC	0.997715336134454	100	0.4
APOBEC	0.994564075630252	100	0.4
APOBEC	0.997373949579832	100	0.4
APOBEC	0.997636554621849	100	0.4
APOBEC	0.998450630252101	100	0.4
APOBEC	0.996481092436975	100	0.4
APOBEC	0.995483193277311	100	0.4
APOBEC	0.995693277310924	100	0.4
APOBEC	0.993697478991597	100	0.4
APOBEC	0.995509453781513	100	0.4
APOBEC	0.994931722689076	100	0.4
APOBEC	0.993933823529412	100	0.4
APOBEC	0.995273109243697	100	0.4
APOBEC	0.993671218487395	100	0.4
APOBEC	0.996822478991597	100	0.4
APOBEC	0.995640756302521	100	0.4
APOBEC	0.992253151260504	100	0.4
APOBEC	0.996008403361345	100	0.4
APOBEC	0.99640231092437	100	0.4
APOBEC	0.996034663865546	100	0.4
APOBEC	0.995719537815126	100	0.4
APOBEC	0.993986344537815	100	0.4
APOBEC	0.996769957983193	100	0.4
APOBEC	0.994248949579832	100	0.4
APOBEC	0.996612394957983	100	0.4
APOBEC	0.997636554621849	100	0.4
APOBEC	0.995063025210084	100	0.4
APOBEC	0.996507352941176	100	0.4
APOBEC	0.99640231092437	100	0.4
APOBEC	0.992988445378151	100	0.4
APOBEC	0.994879201680672	100	0.4
APOBEC	0.995456932773109	100	0.4
APOBEC	0.998450630252101	100	0.4
APOBEC	0.995089285714286	100	0.4
APOBEC	0.992515756302521	100	0.4
APOBEC	0.993408613445378	100	0.4
APOBEC	0.99624474789916	100	0.4
APOBEC	0.997925420168067	100	0.4
APOBEC	0.996953781512605	100	0.4
APOBEC	0.997610294117647	100	0.4
APOBEC	0.995640756302521	100	0.4
APOBEC	0.990598739495798	100	0.4
APOBEC	0.996927521008403	100	0.4
APOBEC	0.994747899159664	100	0.4
SBS3	0.954145702379127	100	0.4
SBS3	0.950947051526851	100	0.4
SBS3	0.955358262832931	100	0.4
SBS3	0.960069129883343	100	0.4
SBS3	0.953330360005017	100	0.4
SBS3	0.953267641360855	100	0.4
SBS3	0.955915761892152	100	0.4
SBS3	0.959539505777084	100	0.4
SBS3	0.949797209717209	100	0.4
SBS3	0.956765947957463	100	0.4
SBS3	0.962570906911595	100	0.4
SBS3	0.948591618001645	100	0.4
SBS3	0.952891329495882	100	0.4
SBS3	0.958264226679117	100	0.4
SBS3	0.963198093353217	100	0.4
SBS3	0.947999275251223	100	0.4
SBS3	0.950194427796903	100	0.4
SBS3	0.958536007470487	100	0.4
SBS3	0.950368646252909	100	0.4
SBS3	0.954089952473205	100	0.4
SBS3	0.954954076014997	100	0.4
SBS3	0.95311432911957	100	0.4
SBS3	0.952152643242415	100	0.4
SBS3	0.952786798422278	100	0.4
SBS3	0.961658002202121	100	0.4
SBS3	0.956724135528021	100	0.4
SBS3	0.950591645876598	100	0.4
SBS3	0.952919204448842	100	0.4
SBS3	0.960849628566252	100	0.4
SBS3	0.950849489191487	100	0.4
SBS3	0.956591729501456	100	0.4
SBS3	0.954710170176588	100	0.4
SBS3	0.962703312938159	100	0.4
SBS3	0.9539505777084	100	0.4
SBS3	0.954340827049854	100	0.4
SBS3	0.95174148768624	100	0.4
SBS3	0.96271725041464	100	0.4
SBS3	0.959079569053227	100	0.4
SBS3	0.95503770087388	100	0.4
SBS3	0.949936584482014	100	0.4
SBS3	0.942870283906396	100	0.4
SBS3	0.949887803314332	100	0.4
SBS3	0.95779732121702	100	0.4
SBS3	0.950473177326513	100	0.4
SBS3	0.9539505777084	100	0.4
SBS3	0.961727689584524	100	0.4
SBS3	0.961839189396368	100	0.4
SBS3	0.962389719717348	100	0.4
SBS3	0.951734518947999	100	0.4
SBS3	0.949992334387936	100	0.4
SBS5	0.928530774396977	100	0.4
SBS5	0.926755000056916	100	0.4
SBS5	0.936829104486107	100	0.4
SBS5	0.940483101685847	100	0.4
SBS5	0.925201197509363	100	0.4
SBS5	0.93098953886783	100	0.4
SBS5	0.93805279513711	100	0.4
SBS5	0.93095538936129	100	0.4
SBS5	0.928616148163326	100	0.4
SBS5	0.935411899964712	100	0.4
SBS5	0.940124531867181	100	0.4
SBS5	0.924910926703776	100	0.4
SBS5	0.932924677571742	100	0.4
SBS5	0.928303111020046	100	0.4
SBS5	0.938826850618675	100	0.4
SBS5	0.932139238921331	100	0.4
SBS5	0.926072009926123	100	0.4
SBS5	0.927916083279263	100	0.4
SBS5	0.929117007592574	100	0.4
SBS5	0.937995879292878	100	0.4
SBS5	0.929811380892213	100	0.4
SBS5	0.932065248323828	100	0.4
SBS5	0.936988468849958	100	0.4
SBS5	0.93930494371023	100	0.4
SBS5	0.939441541736389	100	0.4
SBS5	0.930522828945122	100	0.4
SBS5	0.927625812473676	100	0.4
SBS5	0.932611640428462	100	0.4
SBS5	0.939754578879669	100	0.4
SBS5	0.930073193775683	100	0.4
SBS5	0.927073728784619	100	0.4
SBS5	0.937500711448053	100	0.4
SBS5	0.940471718517001	100	0.4
SBS5	0.927739644162142	100	0.4
SBS5	0.938223542669808	100	0.4
SBS5	0.92051702352901	100	0.4
SBS5	0.924438525196644	100	0.4
SBS5	0.935730628692415	100	0.4
SBS5	0.944370453846942	100	0.4
SBS5	0.930716342815513	100	0.4
SBS5	0.915166934171135	100	0.4
SBS5	0.919640519527826	100	0.4
SBS5	0.940369269997382	100	0.4
SBS5	0.931814818609204	100	0.4
SBS5	0.941348222518185	100	0.4
SBS5	0.940517251192387	100	0.4
SBS5	0.937335655499778	100	0.4
SBS5	0.942537763662648	100	0.4
SBS5	0.935036255392776	100	0.4
SBS5	0.926686701043837	100	0.4
APOBEC	0.993828781512605	100	0.5
APOBEC	0.994774159663866	100	0.5
APOBEC	0.98983718487395	100	0.5
APOBEC	0.99655987394958	100	0.5
APOBEC	0.988865546218487	100	0.5
APOBEC	0.992200630252101	100	0.5
APOBEC	0.99608718487395	100	0.5
APOBEC	0.988051470588235	100	0.5
APOBEC	0.995194327731092	100	0.5
APOBEC	0.996271008403361	100	0.5
APOBEC	0.996165966386555	100	0.5
APOBEC	0.99280462184874	100	0.5
APOBEC	0.992830882352941	100	0.5
APOBEC	0.995299369747899	100	0.5
APOBEC	0.987683823529412	100	0.5
APOBEC	0.993539915966387	100	0.5
APOBEC	0.993014705882353	100	0.5
APOBEC	0.987946428571429	100	0.5
APOBEC	0.989627100840336	100	0.5
APOBEC	0.988366596638655	100	0.5
APOBEC	0.996507352941176	100	0.5
APOBEC	0.991045168067227	100	0.5
APOBEC	0.988314075630252	100	0.5
APOBEC	0.99390756302521	100	0.5
APOBEC	0.994353991596639	100	0.5
APOBEC	0.994143907563025	100	0.5
APOBEC	0.991780462184874	100	0.5
APOBEC	0.990441176470588	100	0.5
APOBEC	0.994459033613445	100	0.5
APOBEC	0.989679621848739	100	0.5
APOBEC	0.993382352941176	100	0.5
APOBEC	0.995535714285714	100	0.5
APOBEC	0.989311974789916	100	0.5
APOBEC	0.994459033613445	100	0.5
APOBEC	0.993697478991597	100	0.5
APOBEC	0.992725840336134	100	0.5
APOBEC	0.992410714285714	100	0.5
APOBEC	0.993566176470588	100	0.5
APOBEC	0.997794117647059	100	0.5
APOBEC	0.990336134453782	100	0.5
APOBEC	0.989915966386555	100	0.5
APOBEC	0.991465336134454	100	0.5
APOBEC	0.994616596638655	100	0.5
APOBEC	0.99624474789916	100	0.5
APOBEC	0.996638655462185	100	0.5
APOBEC	0.994590336134454	100	0.5
APOBEC	0.992830882352941	100	0.5
APOBEC	0.987473739495798	100	0.5
APOBEC	0.993461134453781	100	0.5
APOBEC	0.993198529411765	100	0.5
SBS3	0.946730964891497	100	0.5
SBS3	0.945978341161549	100	0.5
SBS3	0.945309342290485	100	0.5
SBS3	0.951588175444954	100	0.5
SBS3	0.946682183723815	100	0.5
SBS3	0.944222219125005	100	0.5
SBS3	0.950138677890981	100	0.5
SBS3	0.949588147570001	100	0.5
SBS3	0.940570600287112	100	0.5
SBS3	0.94599227863803	100	0.5
SBS3	0.949908709529053	100	0.5
SBS3	0.94271000292687	100	0.5
SBS3	0.945002717807914	100	0.5
SBS3	0.953476703508063	100	0.5
SBS3	0.960766003707369	100	0.5
SBS3	0.940542725334151	100	0.5
SBS3	0.945246623646323	100	0.5
SBS3	0.950159584105702	100	0.5
SBS3	0.943936500857155	100	0.5
SBS3	0.945323279766965	100	0.5
SBS3	0.949629959999443	100	0.5
SBS3	0.942013129102845	100	0.5
SBS3	0.946884277132782	100	0.5
SBS3	0.943608970159863	100	0.5
SBS3	0.955560356241899	100	0.5
SBS3	0.945469623270011	100	0.5
SBS3	0.944452187486934	100	0.5
SBS3	0.944933030425511	100	0.5
SBS3	0.953156141549011	100	0.5
SBS3	0.945316311028725	100	0.5
SBS3	0.945420842102329	100	0.5
SBS3	0.948863398793015	100	0.5
SBS3	0.956508104642573	100	0.5
SBS3	0.947859900486418	100	0.5
SBS3	0.943922563380674	100	0.5
SBS3	0.940145507254457	100	0.5
SBS3	0.951636956612636	100	0.5
SBS3	0.949128210846144	100	0.5
SBS3	0.944856374304868	100	0.5
SBS3	0.938243041714867	100	0.5
SBS3	0.933462487282053	100	0.5
SBS3	0.940891162246164	100	0.5
SBS3	0.949887803314332	100	0.5
SBS3	0.943685626280506	100	0.5
SBS3	0.944828499351907	100	0.5
SBS3	0.950751926856123	100	0.5
SBS3	0.952626517442752	100	0.5
SBS3	0.949448772805196	100	0.5
SBS3	0.941420786352423	100	0.5
SBS3	0.944305843983888	100	0.5
SBS5	0.881751642022106	100	0.5
SBS5	0.869133399355713	100	0.5
SBS5	0.884813714441826	100	0.5
SBS5	0.898718255187879	100	0.5
SBS5	0.879372559733179	100	0.5
SBS5	0.894079613882913	100	0.5
SBS5	0.892742091543444	100	0.5
SBS5	0.882041912827693	100	0.5
SBS5	0.886151236781295	100	0.5
SBS5	0.884574667896049	100	0.5
SBS5	0.884483602545276	100	0.5
SBS5	0.882098828671926	100	0.5
SBS5	0.883424967842548	100	0.5
SBS5	0.89096062561896	100	0.5
SBS5	0.895758631287778	100	0.5
SBS5	0.885451171897233	100	0.5
SBS5	0.888325422030985	100	0.5
SBS5	0.88937836514929	100	0.5
SBS5	0.89431866042869	100	0.5
SBS5	0.890670354813373	100	0.5
SBS5	0.889440972577946	100	0.5
SBS5	0.888222973511366	100	0.5
SBS5	0.89710184521167	100	0.5
SBS5	0.889520654759872	100	0.5
SBS5	0.894620314403124	100	0.5
SBS5	0.886356133820533	100	0.5
SBS5	0.887409076938838	100	0.5
SBS5	0.866816924495441	100	0.5
SBS5	0.888905963642159	100	0.5
SBS5	0.883356668829469	100	0.5
SBS5	0.880414119682637	100	0.5
SBS5	0.888302655693292	100	0.5
SBS5	0.895297612949493	100	0.5
SBS5	0.889093785928127	100	0.5
SBS5	0.886583797197464	100	0.5
SBS5	0.87987911074685	100	0.5
SBS5	0.884534826805086	100	0.5
SBS5	0.89275347471229	100	0.5
SBS5	0.902451934569545	100	0.5
SBS5	0.883510341608897	100	0.5
SBS5	0.87274755546449	100	0.5
SBS5	0.875177862013227	100	0.5
SBS5	0.893464922765199	100	0.5
SBS5	0.889623103279491	100	0.5
SBS5	0.895411444637958	100	0.5
SBS5	0.885917881819941	100	0.5
SBS5	0.899737048799645	100	0.5
SBS5	0.878422065134492	100	0.5
SBS5	0.887363544263452	100	0.5
SBS5	0.891307812268779	100	0.5
APOBEC	0.984716386554622	100	0.6
APOBEC	0.984506302521008	100	0.6
APOBEC	0.990126050420168	100	0.6
APOBEC	0.980514705882353	100	0.6
APOBEC	0.987841386554622	100	0.6
APOBEC	0.988156512605042	100	0.6
APOBEC	0.98734243697479	100	0.6
APOBEC	0.984558823529412	100	0.6
APOBEC	0.98702731092437	100	0.6
APOBEC	0.987867647058824	100	0.6
APOBEC	0.990126050420168	100	0.6
APOBEC	0.988209033613445	100	0.6
APOBEC	0.991202731092437	100	0.6
APOBEC	0.986475840336134	100	0.6
APOBEC	0.985871848739496	100	0.6
APOBEC	0.976838235294118	100	0.6
APOBEC	0.985871848739496	100	0.6
APOBEC	0.990178571428571	100	0.6
APOBEC	0.98188025210084	100	0.6
APOBEC	0.98109243697479	100	0.6
APOBEC	0.986922268907563	100	0.6
APOBEC	0.990178571428571	100	0.6
APOBEC	0.989574579831933	100	0.6
APOBEC	0.976680672268908	100	0.6
APOBEC	0.985136554621849	100	0.6
APOBEC	0.991176470588235	100	0.6
APOBEC	0.984007352941176	100	0.6
APOBEC	0.978203781512605	100	0.6
APOBEC	0.988471638655462	100	0.6
APOBEC	0.978177521008403	100	0.6
APOBEC	0.984663865546219	100	0.6
APOBEC	0.984007352941176	100	0.6
APOBEC	0.986292016806723	100	0.6
APOBEC	0.989285714285714	100	0.6
APOBEC	0.988471638655462	100	0.6
APOBEC	0.981144957983193	100	0.6
APOBEC	0.985031512605042	100	0.6
APOBEC	0.989889705882353	100	0.6
APOBEC	0.985372899159664	100	0.6
APOBEC	0.985372899159664	100	0.6
APOBEC	0.982352941176471	100	0.6
APOBEC	0.987106092436975	100	0.6
APOBEC	0.99343487394958	100	0.6
APOBEC	0.981643907563025	100	0.6
APOBEC	0.982457983193277	100	0.6
APOBEC	0.986108193277311	100	0.6
APOBEC	0.985189075630252	100	0.6
APOBEC	0.984558823529412	100	0.6
APOBEC	0.987447478991597	100	0.6
APOBEC	0.980698529411765	100	0.6
SBS3	0.939985226274931	100	0.6
SBS3	0.935072265815551	100	0.6
SBS3	0.941713473358514	100	0.6
SBS3	0.939288352450905	100	0.6
SBS3	0.936500857154804	100	0.6
SBS3	0.93913504020962	100	0.6
SBS3	0.940661193884235	100	0.6
SBS3	0.949128210846144	100	0.6
SBS3	0.935351015345162	100	0.6
SBS3	0.942926033812318	100	0.6
SBS3	0.944013156977798	100	0.6
SBS3	0.939650726839398	100	0.6
SBS3	0.943372033059694	100	0.6
SBS3	0.940187319683898	100	0.6
SBS3	0.939985226274931	100	0.6
SBS3	0.934452048112169	100	0.6
SBS3	0.94022913211334	100	0.6
SBS3	0.94270303418863	100	0.6
SBS3	0.930145367879692	100	0.6
SBS3	0.945685654155459	100	0.6
SBS3	0.938563603673919	100	0.6
SBS3	0.941155974299293	100	0.6
SBS3	0.937281355837712	100	0.6
SBS3	0.948528899357482	100	0.6
SBS3	0.936591450751927	100	0.6
SBS3	0.916786296673124	100	0.6
SBS3	0.936898075234498	100	0.6
SBS3	0.936047889169187	100	0.6
SBS3	0.935079234553792	100	0.6
SBS3	0.93420117353552	100	0.6
SBS3	0.937615855273244	100	0.6
SBS3	0.935608858660051	100	0.6
SBS3	0.938159416855984	100	0.6
SBS3	0.941769223264436	100	0.6
SBS3	0.949365147946313	100	0.6
SBS3	0.942689096712149	100	0.6
SBS3	0.931859677486794	100	0.6
SBS3	0.934340548300325	100	0.6
SBS3	0.936486919678323	100	0.6
SBS3	0.93860541610336	100	0.6
SBS3	0.940549694072391	100	0.6
SBS3	0.940863287293203	100	0.6
SBS3	0.933755174288143	100	0.6
SBS3	0.942284909894215	100	0.6
SBS3	0.93504439086259	100	0.6
SBS3	0.943755313662908	100	0.6
SBS3	0.953978452661361	100	0.6
SBS3	0.939392883524509	100	0.6
SBS3	0.938709947176964	100	0.6
SBS3	0.938967790491854	100	0.6
SBS5	0.807749661350727	100	0.6
SBS5	0.82095982879714	100	0.6
SBS5	0.839707907887398	100	0.6
SBS5	0.832508053591959	100	0.6
SBS5	0.835803480973033	100	0.6
SBS5	0.831494951564617	100	0.6
SBS5	0.830111896549761	100	0.6
SBS5	0.836936106273264	100	0.6
SBS5	0.828347505378547	100	0.6
SBS5	0.83545060273879	100	0.6
SBS5	0.840481963368963	100	0.6
SBS5	0.833316258580064	100	0.6
SBS5	0.833959407619893	100	0.6
SBS5	0.813384329929766	100	0.6
SBS5	0.817049710298353	100	0.6
SBS5	0.824602442828035	100	0.6
SBS5	0.820510193627702	100	0.6
SBS5	0.844175801659666	100	0.6
SBS5	0.823577957631846	100	0.6
SBS5	0.841978850072283	100	0.6
SBS5	0.829058953431456	100	0.6
SBS5	0.828097075663923	100	0.6
SBS5	0.817800999442225	100	0.6
SBS5	0.834983892816082	100	0.6
SBS5	0.816213047388132	100	0.6
SBS5	0.819730446561714	100	0.6
SBS5	0.828632084599711	100	0.6
SBS5	0.838296394950426	100	0.6
SBS5	0.817800999442225	100	0.6
SBS5	0.830726587667475	100	0.6
SBS5	0.821676968434473	100	0.6
SBS5	0.836173433960546	100	0.6
SBS5	0.818518139079557	100	0.6
SBS5	0.820032100536147	100	0.6
SBS5	0.832724333800043	100	0.6
SBS5	0.830749354005168	100	0.6
SBS5	0.834773304192421	100	0.6
SBS5	0.824517069061685	100	0.6
SBS5	0.818381541053398	100	0.6
SBS5	0.829286616808387	100	0.6
SBS5	0.825700918621726	100	0.6
SBS5	0.827357169688898	100	0.6
SBS5	0.814989356737128	100	0.6
SBS5	0.829440289587815	100	0.6
SBS5	0.828461337067013	100	0.6
SBS5	0.814249450762103	100	0.6
SBS5	0.840942981707248	100	0.6
SBS5	0.83209256792906	100	0.6
SBS5	0.824408928957643	100	0.6
SBS5	0.822462407084884	100	0.6
APOBEC	0.957773109243698	100	0.7
APOBEC	0.967358193277311	100	0.7
APOBEC	0.973975840336134	100	0.7
APOBEC	0.965441176470588	100	0.7
APOBEC	0.967699579831933	100	0.7
APOBEC	0.971769957983193	100	0.7
APOBEC	0.974264705882353	100	0.7
APOBEC	0.963655462184874	100	0.7
APOBEC	0.970824579831933	100	0.7
APOBEC	0.971192226890756	100	0.7
APOBEC	0.975236344537815	100	0.7
APOBEC	0.967043067226891	100	0.7
APOBEC	0.978387605042017	100	0.7
APOBEC	0.966439075630252	100	0.7
APOBEC	0.967305672268908	100	0.7
APOBEC	0.950236344537815	100	0.7
APOBEC	0.962211134453781	100	0.7
APOBEC	0.973765756302521	100	0.7
APOBEC	0.954464285714286	100	0.7
APOBEC	0.954936974789916	100	0.7
APOBEC	0.969406512605042	100	0.7
APOBEC	0.968014705882353	100	0.7
APOBEC	0.973450630252101	100	0.7
APOBEC	0.957668067226891	100	0.7
APOBEC	0.96609768907563	100	0.7
APOBEC	0.972452731092437	100	0.7
APOBEC	0.963786764705882	100	0.7
APOBEC	0.965992647058823	100	0.7
APOBEC	0.967673319327731	100	0.7
APOBEC	0.960609243697479	100	0.7
APOBEC	0.963235294117647	100	0.7
APOBEC	0.97234768907563	100	0.7
APOBEC	0.969301470588235	100	0.7
APOBEC	0.974973739495798	100	0.7
APOBEC	0.971901260504202	100	0.7
APOBEC	0.961370798319328	100	0.7
APOBEC	0.970535714285714	100	0.7
APOBEC	0.977074579831933	100	0.7
APOBEC	0.959558823529412	100	0.7
APOBEC	0.965519957983193	100	0.7
APOBEC	0.958508403361345	100	0.7
APOBEC	0.970982142857143	100	0.7
APOBEC	0.976575630252101	100	0.7
APOBEC	0.945535714285714	100	0.7
APOBEC	0.960189075630252	100	0.7
APOBEC	0.969248949579832	100	0.7
APOBEC	0.960267857142857	100	0.7
APOBEC	0.958455882352941	100	0.7
APOBEC	0.967594537815126	100	0.7
APOBEC	0.962946428571429	100	0.7
SBS3	0.931887552439755	100	0.7
SBS3	0.930772554321315	100	0.7
SBS3	0.934898047359545	100	0.7
SBS3	0.935128015721473	100	0.7
SBS3	0.932507770143138	100	0.7
SBS3	0.932661082384423	100	0.7
SBS3	0.939023540397776	100	0.7
SBS3	0.947852931748178	100	0.7
SBS3	0.930535617221146	100	0.7
SBS3	0.937601917796764	100	0.7
SBS3	0.938689040962243	100	0.7
SBS3	0.933964236435351	100	0.7
SBS3	0.939093227780178	100	0.7
SBS3	0.936856262805057	100	0.7
SBS3	0.934661110259376	100	0.7
SBS3	0.928821307614043	100	0.7
SBS3	0.933288268826046	100	0.7
SBS3	0.94133716149354	100	0.7
SBS3	0.924431002522683	100	0.7
SBS3	0.941685598405553	100	0.7
SBS3	0.932194176922326	100	0.7
SBS3	0.932215083137047	100	0.7
SBS3	0.92954605639103	100	0.7
SBS3	0.942312784847176	100	0.7
SBS3	0.931100085018607	100	0.7
SBS3	0.91392214525638	100	0.7
SBS3	0.93174120893671	100	0.7
SBS3	0.931364897071736	100	0.7
SBS3	0.930424117409302	100	0.7
SBS3	0.935720358471895	100	0.7
SBS3	0.932891050746352	100	0.7
SBS3	0.929699368632315	100	0.7
SBS3	0.930981616468522	100	0.7
SBS3	0.933281300087806	100	0.7
SBS3	0.946605527603172	100	0.7
SBS3	0.939790101604204	100	0.7
SBS3	0.927734184448564	100	0.7
SBS3	0.931692427769028	100	0.7
SBS3	0.929364869196783	100	0.7
SBS3	0.930960710253801	100	0.7
SBS3	0.937567074105562	100	0.7
SBS3	0.933838799147026	100	0.7
SBS3	0.925267251111514	100	0.7
SBS3	0.937141981072907	100	0.7
SBS3	0.931789990104392	100	0.7
SBS3	0.934981672218428	100	0.7
SBS3	0.947128182971191	100	0.7
SBS3	0.931650615339587	100	0.7
SBS3	0.932194176922326	100	0.7
SBS3	0.930298680120977	100	0.7
SBS5	0.774835228630946	100	0.7
SBS5	0.782274129472162	100	0.7
SBS5	0.776554087126774	100	0.7
SBS5	0.787607144076768	100	0.7
SBS5	0.780851233366345	100	0.7
SBS5	0.783065259706997	100	0.7
SBS5	0.795865633074935	100	0.7
SBS5	0.797641407414996	100	0.7
SBS5	0.783253081992965	100	0.7
SBS5	0.77939987933841	100	0.7
SBS5	0.787072135140981	100	0.7
SBS5	0.787994171817551	100	0.7
SBS5	0.786258238568453	100	0.7
SBS5	0.77602476977541	100	0.7
SBS5	0.774038406811688	100	0.7
SBS5	0.78588828558094	100	0.7
SBS5	0.793754055253902	100	0.7
SBS5	0.783036801784881	100	0.7
SBS5	0.775210873202882	100	0.7
SBS5	0.791329440289588	100	0.7
SBS5	0.784021445890107	100	0.7
SBS5	0.784664594929937	100	0.7
SBS5	0.774066864733805	100	0.7
SBS5	0.784567837994741	100	0.7
SBS5	0.767641065919931	100	0.7
SBS5	0.771983744834887	100	0.7
SBS5	0.764129358330772	100	0.7
SBS5	0.789838245170691	100	0.7
SBS5	0.76836958872611	100	0.7
SBS5	0.781095971496545	100	0.7
SBS5	0.78098213980808	100	0.7
SBS5	0.780094252638049	100	0.7
SBS5	0.772900089927034	100	0.7
SBS5	0.784118202825303	100	0.7
SBS5	0.78531343555419	100	0.7
SBS5	0.785518332593427	100	0.7
SBS5	0.780202392742091	100	0.7
SBS5	0.786161481633257	100	0.7
SBS5	0.777624104998349	100	0.7
SBS5	0.783304306252775	100	0.7
SBS5	0.78160821409464	100	0.7
SBS5	0.765074161345035	100	0.7
SBS5	0.7784436931553	100	0.7
SBS5	0.784254800851461	100	0.7
SBS5	0.786377761841341	100	0.7
SBS5	0.775558059852702	100	0.7
SBS5	0.785734612801512	100	0.7
SBS5	0.786383453425765	100	0.7
SBS5	0.783019727031611	100	0.7
SBS5	0.777413516374688	100	0.7
APOBEC	0.901680672268908	100	0.8
APOBEC	0.917778361344538	100	0.8
APOBEC	0.917358193277311	100	0.8
APOBEC	0.915546218487395	100	0.8
APOBEC	0.912867647058824	100	0.8
APOBEC	0.92468487394958	100	0.8
APOBEC	0.935793067226891	100	0.8
APOBEC	0.917384453781513	100	0.8
APOBEC	0.916596638655462	100	0.8
APOBEC	0.917069327731092	100	0.8
APOBEC	0.920299369747899	100	0.8
APOBEC	0.907116596638656	100	0.8
APOBEC	0.931801470588235	100	0.8
APOBEC	0.902310924369748	100	0.8
APOBEC	0.90344012605042	100	0.8
APOBEC	0.895483193277311	100	0.8
APOBEC	0.905042016806723	100	0.8
APOBEC	0.919721638655462	100	0.8
APOBEC	0.904017857142857	100	0.8
APOBEC	0.878256302521008	100	0.8
APOBEC	0.899264705882353	100	0.8
APOBEC	0.906670168067227	100	0.8
APOBEC	0.918697478991597	100	0.8
APOBEC	0.91171218487395	100	0.8
APOBEC	0.906906512605042	100	0.8
APOBEC	0.937946428571429	100	0.8
APOBEC	0.903177521008403	100	0.8
APOBEC	0.915598739495798	100	0.8
APOBEC	0.911265756302521	100	0.8
APOBEC	0.914259453781513	100	0.8
APOBEC	0.903676470588235	100	0.8
APOBEC	0.922006302521008	100	0.8
APOBEC	0.921008403361345	100	0.8
APOBEC	0.912289915966387	100	0.8
APOBEC	0.919721638655462	100	0.8
APOBEC	0.90703781512605	100	0.8
APOBEC	0.921901260504202	100	0.8
APOBEC	0.924947478991597	100	0.8
APOBEC	0.914732142857143	100	0.8
APOBEC	0.908508403361345	100	0.8
APOBEC	0.920246848739496	100	0.8
APOBEC	0.92765231092437	100	0.8
APOBEC	0.920667016806723	100	0.8
APOBEC	0.893487394957983	100	0.8
APOBEC	0.913865546218487	100	0.8
APOBEC	0.92219012605042	100	0.8
APOBEC	0.909768907563025	100	0.8
APOBEC	0.900997899159664	100	0.8
APOBEC	0.914023109243697	100	0.8
APOBEC	0.907274159663866	100	0.8
SBS3	0.924821251864137	100	0.8
SBS3	0.925148782561429	100	0.8
SBS3	0.931789990104392	100	0.8
SBS3	0.934605360353454	100	0.8
SBS3	0.92762965337496	100	0.8
SBS3	0.92709306053046	100	0.8
SBS3	0.9325704887873	100	0.8
SBS3	0.944368562628051	100	0.8
SBS3	0.924556439811008	100	0.8
SBS3	0.929992055638406	100	0.8
SBS3	0.934842297453623	100	0.8
SBS3	0.928946744902368	100	0.8
SBS3	0.931483365621821	100	0.8
SBS3	0.935079234553792	100	0.8
SBS3	0.928598307990355	100	0.8
SBS3	0.925950187459059	100	0.8
SBS3	0.927546028516077	100	0.8
SBS3	0.936194232672232	100	0.8
SBS3	0.921643507226582	100	0.8
SBS3	0.936459044725362	100	0.8
SBS3	0.925671437929449	100	0.8
SBS3	0.928431058272589	100	0.8
SBS3	0.923817753557541	100	0.8
SBS3	0.938702978438724	100	0.8
SBS3	0.926716748665487	100	0.8
SBS3	0.913190427741153	100	0.8
SBS3	0.928772526446362	100	0.8
SBS3	0.926702811189006	100	0.8
SBS3	0.925838687647215	100	0.8
SBS3	0.928424089534349	100	0.8
SBS3	0.926033812317942	100	0.8
SBS3	0.926201062035708	100	0.8
SBS3	0.927873559213369	100	0.8
SBS3	0.926528592733	100	0.8
SBS3	0.939539227027554	100	0.8
SBS3	0.933295237564287	100	0.8
SBS3	0.920904820973115	100	0.8
SBS3	0.926828248477331	100	0.8
SBS3	0.924988501581904	100	0.8
SBS3	0.923093004780554	100	0.8
SBS3	0.933364924946689	100	0.8
SBS3	0.930047805544328	100	0.8
SBS3	0.922633068056698	100	0.8
SBS3	0.932891050746352	100	0.8
SBS3	0.930410179932821	100	0.8
SBS3	0.930674991985951	100	0.8
SBS3	0.945838966396744	100	0.8
SBS3	0.924988501581904	100	0.8
SBS3	0.924877001770059	100	0.8
SBS3	0.929518181438069	100	0.8
SBS5	0.755785495566256	100	0.8
SBS5	0.751038714157247	100	0.8
SBS5	0.758329633803458	100	0.8
SBS5	0.766223861398536	100	0.8
SBS5	0.757344989698232	100	0.8
SBS5	0.763617115732678	100	0.8
SBS5	0.777026488633906	100	0.8
SBS5	0.762558481029949	100	0.8
SBS5	0.766485674282007	100	0.8
SBS5	0.767191430750492	100	0.8
SBS5	0.762535714692256	100	0.8
SBS5	0.75876788580405	100	0.8
SBS5	0.753782057849264	100	0.8
SBS5	0.762228369133399	100	0.8
SBS5	0.769576204623843	100	0.8
SBS5	0.761135584924131	100	0.8
SBS5	0.760879463625084	100	0.8
SBS5	0.766087263372378	100	0.8
SBS5	0.76522214254004	100	0.8
SBS5	0.769001354597093	100	0.8
SBS5	0.756257897073387	100	0.8
SBS5	0.755609056449134	100	0.8
SBS5	0.757014877801682	100	0.8
SBS5	0.772558594861638	100	0.8
SBS5	0.74551218568225	100	0.8
SBS5	0.740941843390363	100	0.8
SBS5	0.763651265239217	100	0.8
SBS5	0.777089096062562	100	0.8
SBS5	0.750355724026454	100	0.8
SBS5	0.762376350328404	100	0.8
SBS5	0.765683160878325	100	0.8
SBS5	0.761072977495475	100	0.8
SBS5	0.7642830311102	100	0.8
SBS5	0.757379139204772	100	0.8
SBS5	0.748927136336213	100	0.8
SBS5	0.757606802581703	100	0.8
SBS5	0.752911245432504	100	0.8
SBS5	0.771835763639882	100	0.8
SBS5	0.766275085658346	100	0.8
SBS5	0.759826520506779	100	0.8
SBS5	0.752780338990768	100	0.8
SBS5	0.755927785176838	100	0.8
SBS5	0.764294414279047	100	0.8
SBS5	0.761721818119728	100	0.8
SBS5	0.772712267641066	100	0.8
SBS5	0.754658561850448	100	0.8
SBS5	0.774237612266503	100	0.8
SBS5	0.753332422679826	100	0.8
SBS5	0.758056437751141	100	0.8
SBS5	0.760731482430079	100	0.8
APOBEC	0.776102941176471	100	0.9
APOBEC	0.778387605042017	100	0.9
APOBEC	0.775761554621849	100	0.9
APOBEC	0.788419117647059	100	0.9
APOBEC	0.790808823529412	100	0.9
APOBEC	0.80905987394958	100	0.9
APOBEC	0.827678571428571	100	0.9
APOBEC	0.769787289915966	100	0.9
APOBEC	0.774763655462185	100	0.9
APOBEC	0.78188025210084	100	0.9
APOBEC	0.789561449579832	100	0.9
APOBEC	0.777573529411765	100	0.9
APOBEC	0.79578518907563	100	0.9
APOBEC	0.777928046218487	100	0.9
APOBEC	0.787001050420168	100	0.9
APOBEC	0.803308823529412	100	0.9
APOBEC	0.780330882352941	100	0.9
APOBEC	0.801050420168067	100	0.9
APOBEC	0.784375	100	0.9
APOBEC	0.742108718487395	100	0.9
APOBEC	0.768329831932773	100	0.9
APOBEC	0.787158613445378	100	0.9
APOBEC	0.786948529411765	100	0.9
APOBEC	0.776076680672269	100	0.9
APOBEC	0.781144957983193	100	0.9
APOBEC	0.810084033613445	100	0.9
APOBEC	0.772216386554622	100	0.9
APOBEC	0.794432773109244	100	0.9
APOBEC	0.807313550420168	100	0.9
APOBEC	0.79422268907563	100	0.9
APOBEC	0.801181722689076	100	0.9
APOBEC	0.797518382352941	100	0.9
APOBEC	0.778492647058823	100	0.9
APOBEC	0.781643907563025	100	0.9
APOBEC	0.791911764705882	100	0.9
APOBEC	0.796297268907563	100	0.9
APOBEC	0.807247899159664	100	0.9
APOBEC	0.780225840336134	100	0.9
APOBEC	0.779700630252101	100	0.9
APOBEC	0.799028361344538	100	0.9
APOBEC	0.788786764705882	100	0.9
APOBEC	0.787132352941176	100	0.9
APOBEC	0.803151260504202	100	0.9
APOBEC	0.786764705882353	100	0.9
APOBEC	0.78405987394958	100	0.9
APOBEC	0.803466386554622	100	0.9
APOBEC	0.799448529411765	100	0.9
APOBEC	0.784151785714286	100	0.9
APOBEC	0.785504201680672	100	0.9
APOBEC	0.802284663865546	100	0.9
SBS3	0.921016320784959	100	0.9
SBS3	0.921852569373789	100	0.9
SBS3	0.924807314387657	100	0.9
SBS3	0.930814366750756	100	0.9
SBS3	0.921350820220491	100	0.9
SBS3	0.923566878980892	100	0.9
SBS3	0.927950215334012	100	0.9
SBS3	0.938229104238387	100	0.9
SBS3	0.920556384061102	100	0.9
SBS3	0.930591367127068	100	0.9
SBS3	0.931999052251599	100	0.9
SBS3	0.923134817209996	100	0.9
SBS3	0.923587785195612	100	0.9
SBS3	0.929755118538237	100	0.9
SBS3	0.924500689905086	100	0.9
SBS3	0.922730630392061	100	0.9
SBS3	0.927148810436382	100	0.9
SBS3	0.931162803662769	100	0.9
SBS3	0.914256644691912	100	0.9
SBS3	0.931553053004223	100	0.9
SBS3	0.923176629639437	100	0.9
SBS3	0.922988473706951	100	0.9
SBS3	0.915517986313398	100	0.9
SBS3	0.933573987093897	100	0.9
SBS3	0.922054662782757	100	0.9
SBS3	0.912389022843524	100	0.9
SBS3	0.92627074941811	100	0.9
SBS3	0.920333384437414	100	0.9
SBS3	0.922633068056698	100	0.9
SBS3	0.926437999135876	100	0.9
SBS3	0.921399601388173	100	0.9
SBS3	0.923455379169048	100	0.9
SBS3	0.922382193480048	100	0.9
SBS3	0.923086036042314	100	0.9
SBS3	0.933051331725878	100	0.9
SBS3	0.930242930215055	100	0.9
SBS3	0.920451852987498	100	0.9
SBS3	0.923991972013547	100	0.9
SBS3	0.92323237954536	100	0.9
SBS3	0.921490194985296	100	0.9
SBS3	0.925957156197299	100	0.9
SBS3	0.927782965616246	100	0.9
SBS3	0.917601639047234	100	0.9
SBS3	0.926354374276993	100	0.9
SBS3	0.925532063164643	100	0.9
SBS3	0.929316088029101	100	0.9
SBS3	0.941511379949546	100	0.9
SBS3	0.921741069561945	100	0.9
SBS3	0.921978006662114	100	0.9
SBS3	0.924221940375476	100	0.9
SBS5	0.740702796844586	100	0.9
SBS5	0.731738551377933	100	0.9
SBS5	0.74118088993614	100	0.9
SBS5	0.758813418479436	100	0.9
SBS5	0.746542362462862	100	0.9
SBS5	0.755068355928924	100	0.9
SBS5	0.763321153342667	100	0.9
SBS5	0.74552926043552	100	0.9
SBS5	0.745324363396282	100	0.9
SBS5	0.753303964757709	100	0.9
SBS5	0.745939054513996	100	0.9
SBS5	0.753673917745222	100	0.9
SBS5	0.746143951553233	100	0.9
SBS5	0.745085316850505	100	0.9
SBS5	0.754857767305262	100	0.9
SBS5	0.747282268437888	100	0.9
SBS5	0.752370544912293	100	0.9
SBS5	0.744584457421257	100	0.9
SBS5	0.74243303850926	100	0.9
SBS5	0.753121834056165	100	0.9
SBS5	0.741812655807124	100	0.9
SBS5	0.748824687816594	100	0.9
SBS5	0.743218477159672	100	0.9
SBS5	0.751346059716104	100	0.9
SBS5	0.734407904472447	100	0.9
SBS5	0.735802342656149	100	0.9
SBS5	0.748380744231579	100	0.9
SBS5	0.756918120866487	100	0.9
SBS5	0.733724914341655	100	0.9
SBS5	0.748073398672722	100	0.9
SBS5	0.755034206422384	100	0.9
SBS5	0.735808034240572	100	0.9
SBS5	0.742865598925429	100	0.9
SBS5	0.740406834454575	100	0.9
SBS5	0.743161561315439	100	0.9
SBS5	0.740452367129962	100	0.9
SBS5	0.739866133934365	100	0.9
SBS5	0.759052465025214	100	0.9
SBS5	0.757060410477069	100	0.9
SBS5	0.752074582522283	100	0.9
SBS5	0.744430784641829	100	0.9
SBS5	0.747213969424809	100	0.9
SBS5	0.738693667543171	100	0.9
SBS5	0.738107434347574	100	0.9
SBS5	0.75257544195153	100	0.9
SBS5	0.749382463090075	100	0.9
SBS5	0.752376236496716	100	0.9
SBS5	0.731465355325616	100	0.9
SBS5	0.742398889002721	100	0.9
SBS5	0.75041833145511	100	0.9
APOBEC	0.605737920168067	100	1
APOBEC	0.60078781512605	100	1
APOBEC	0.607300420168067	100	1
APOBEC	0.653466386554622	100	1
APOBEC	0.609768907563025	100	1
APOBEC	0.574698004201681	100	1
APOBEC	0.605199579831933	100	1
APOBEC	0.581985294117647	100	1
APOBEC	0.613340336134454	100	1
APOBEC	0.614390756302521	100	1
APOBEC	0.595010504201681	100	1
APOBEC	0.593973214285714	100	1
APOBEC	0.628584558823529	100	1
APOBEC	0.654595588235294	100	1
APOBEC	0.598109243697479	100	1
APOBEC	0.633836659663865	100	1
APOBEC	0.608928571428571	100	1
APOBEC	0.658377100840336	100	1
APOBEC	0.596323529411765	100	1
APOBEC	0.624947478991597	100	1
APOBEC	0.592922794117647	100	1
APOBEC	0.614206932773109	100	1
APOBEC	0.606827731092437	100	1
APOBEC	0.569275210084034	100	1
APOBEC	0.575945378151261	100	1
APOBEC	0.576733193277311	100	1
APOBEC	0.620614495798319	100	1
APOBEC	0.618881302521008	100	1
APOBEC	0.598949579831933	100	1
APOBEC	0.631853991596639	100	1
APOBEC	0.592830882352941	100	1
APOBEC	0.593933823529412	100	1
APOBEC	0.619012605042017	100	1
APOBEC	0.610372899159664	100	1
APOBEC	0.605094537815126	100	1
APOBEC	0.599671743697479	100	1
APOBEC	0.63469012605042	100	1
APOBEC	0.614101890756303	100	1
APOBEC	0.667647058823529	100	1
APOBEC	0.61546743697479	100	1
APOBEC	0.631696428571429	100	1
APOBEC	0.613117121848739	100	1
APOBEC	0.59422268907563	100	1
APOBEC	0.592161239495798	100	1
APOBEC	0.590414915966387	100	1
APOBEC	0.596809348739496	100	1
APOBEC	0.654700630252101	100	1
APOBEC	0.639469537815126	100	1
APOBEC	0.602022058823529	100	1
APOBEC	0.610280987394958	100	1
SBS3	0.921545944891218	100	1
SBS3	0.915740985937086	100	1
SBS3	0.92160169479714	100	1
SBS3	0.920068572384284	100	1
SBS3	0.915629486125242	100	1
SBS3	0.925072126440787	100	1
SBS3	0.91693264017617	100	1
SBS3	0.920040697431323	100	1
SBS3	0.92104419573792	100	1
SBS3	0.924584314763969	100	1
SBS3	0.92188044432675	100	1
SBS3	0.92242400590949	100	1
SBS3	0.92407559687243	100	1
SBS3	0.931107053756847	100	1
SBS3	0.935406765251084	100	1
SBS3	0.917106858632176	100	1
SBS3	0.926911873336214	100	1
SBS3	0.928138371266498	100	1
SBS3	0.919274136224895	100	1
SBS3	0.923413566739606	100	1
SBS3	0.92734393510711	100	1
SBS3	0.925566906855845	100	1
SBS3	0.92269578670086	100	1
SBS3	0.917838576147403	100	1
SBS3	0.921148726811523	100	1
SBS3	0.924361315140281	100	1
SBS3	0.921936194232672	100	1
SBS3	0.918263669180058	100	1
SBS3	0.915483142622197	100	1
SBS3	0.918200950535896	100	1
SBS3	0.924828220602378	100	1
SBS3	0.924159221731313	100	1
SBS3	0.930194149047374	100	1
SBS3	0.920486696678699	100	1
SBS3	0.916688734337761	100	1
SBS3	0.922828192727425	100	1
SBS3	0.934452048112169	100	1
SBS3	0.926173187082747	100	1
SBS3	0.928382277104907	100	1
SBS3	0.914312394597834	100	1
SBS3	0.921559882367698	100	1
SBS3	0.922563380674295	100	1
SBS3	0.920723633778868	100	1
SBS3	0.923699285007457	100	1
SBS3	0.922263724929964	100	1
SBS3	0.932946800652274	100	1
SBS3	0.924235877851956	100	1
SBS3	0.919204448842493	100	1
SBS3	0.920730602517108	100	1
SBS3	0.922368256003568	100	1
SBS5	0.720406606791199	100	1
SBS5	0.728887067581873	100	1
SBS5	0.733724914341654	100	1
SBS5	0.741055675078829	100	1
SBS5	0.731914990495054	100	1
SBS5	0.73448189506995	100	1
SBS5	0.732131270703138	100	1
SBS5	0.729695272569978	100	1
SBS5	0.731584878598504	100	1
SBS5	0.732376008833339	100	1
SBS5	0.736929276371956	100	1
SBS5	0.726360004097941	100	1
SBS5	0.735796651071725	100	1
SBS5	0.723161333652062	100	1
SBS5	0.740788170610935	100	1
SBS5	0.733110223223941	100	1
SBS5	0.729814795842867	100	1
SBS5	0.748875912076404	100	1
SBS5	0.734681100524764	100	1
SBS5	0.729439151270931	100	1
SBS5	0.730190440414803	100	1
SBS5	0.735603137201334	100	1
SBS5	0.733383419276258	100	1
SBS5	0.728380516568202	100	1
SBS5	0.726929162540268	100	1
SBS5	0.733070382132978	100	1
SBS5	0.741590684014616	100	1
SBS5	0.738739200218557	100	1
SBS5	0.723707725756696	100	1
SBS5	0.726155107058703	100	1
SBS5	0.739291283907614	100	1
SBS5	0.72301904404148	100	1
SBS5	0.730503477558083	100	1
SBS5	0.737982219490262	100	1
SBS5	0.733770447017041	100	1
SBS5	0.733201288574713	100	1
SBS5	0.730617309246548	100	1
SBS5	0.726883629864882	100	1
SBS5	0.733929811380892	100	1
SBS5	0.73015059932384	100	1
SBS5	0.723980921809013	100	1
SBS5	0.728187002697811	100	1
SBS5	0.729706655738825	100	1
SBS5	0.738107434347574	100	1
SBS5	0.738107434347574	100	1
SBS5	0.729200104725153	100	1
SBS5	0.725847761499846	100	1
SBS5	0.739080695283953	100	1
SBS5	0.735136427278626	100	1
SBS5	0.73070837459732	100	1
