Pheno	AUC	sample_size	indel_prop
APOBEC	0.989863445378151	25	0
APOBEC	0.990099789915966	25	0
APOBEC	0.994117647058824	25	0
APOBEC	0.989810924369748	25	0
APOBEC	0.992542016806723	25	0
APOBEC	0.985661764705882	25	0
APOBEC	0.992016806722689	25	0
APOBEC	0.994038865546218	25	0
APOBEC	0.988602941176471	25	0
APOBEC	0.994248949579832	25	0
APOBEC	0.995273109243697	25	0
APOBEC	0.990362394957983	25	0
APOBEC	0.992620798319328	25	0
APOBEC	0.991176470588235	25	0
APOBEC	0.986764705882353	25	0
APOBEC	0.992148109243697	25	0
APOBEC	0.988419117647059	25	0
APOBEC	0.992384453781513	25	0
APOBEC	0.992830882352941	25	0
APOBEC	0.990730042016807	25	0
APOBEC	0.993014705882353	25	0
APOBEC	0.989863445378151	25	0
APOBEC	0.987263655462185	25	0
APOBEC	0.990966386554622	25	0
APOBEC	0.985215336134454	25	0
APOBEC	0.989784663865546	25	0
APOBEC	0.985110294117647	25	0
APOBEC	0.994642857142857	25	0
APOBEC	0.986186974789916	25	0
APOBEC	0.985898109243697	25	0
APOBEC	0.997741596638655	25	0
APOBEC	0.990178571428571	25	0
APOBEC	0.988655462184874	25	0
APOBEC	0.991491596638655	25	0
APOBEC	0.989627100840336	25	0
APOBEC	0.99280462184874	25	0
APOBEC	0.989233193277311	25	0
APOBEC	0.990362394957983	25	0
APOBEC	0.985215336134454	25	0
APOBEC	0.988602941176471	25	0
APOBEC	0.992121848739496	25	0
APOBEC	0.993382352941176	25	0
APOBEC	0.984637605042017	25	0
APOBEC	0.99157037815126	25	0
APOBEC	0.992279411764706	25	0
APOBEC	0.99280462184874	25	0
APOBEC	0.992016806722689	25	0
APOBEC	0.994091386554622	25	0
APOBEC	0.985688025210084	25	0
APOBEC	0.98734243697479	25	0
SBS3	0.918159138106454	25	0
SBS3	0.912361147890563	25	0
SBS3	0.930591367127068	25	0
SBS3	0.918326387824221	25	0
SBS3	0.912193898172797	25	0
SBS3	0.912737459755537	25	0
SBS3	0.920960570879037	25	0
SBS3	0.935664608565973	25	0
SBS3	0.931107053756847	25	0
SBS3	0.919483198372103	25	0
SBS3	0.933518237187975	25	0
SBS3	0.896876611520718	25	0
SBS3	0.915232268045548	25	0
SBS3	0.925755062788332	25	0
SBS3	0.91721138970578	25	0
SBS3	0.913448271056043	25	0
SBS3	0.924988501581904	25	0
SBS3	0.922451880862451	25	0
SBS3	0.908319279711216	25	0
SBS3	0.912416897796485	25	0
SBS3	0.931803927580872	25	0
SBS3	0.928054746407615	25	0
SBS3	0.930674991985951	25	0
SBS3	0.938270916667828	25	0
SBS3	0.936096670336869	25	0
SBS3	0.931162803662769	25	0
SBS3	0.907678155793112	25	0
SBS3	0.919873447713557	25	0
SBS3	0.919455323419142	25	0
SBS3	0.934410235682727	25	0
SBS3	0.915734017198846	25	0
SBS3	0.910814088001227	25	0
SBS3	0.941211724205215	25	0
SBS3	0.922870005156866	25	0
SBS3	0.918131263153493	25	0
SBS3	0.933002550558196	25	0
SBS3	0.916193953922703	25	0
SBS3	0.930549554697626	25	0
SBS3	0.937058356214024	25	0
SBS3	0.937448605555478	25	0
SBS3	0.922897880109827	25	0
SBS3	0.937643730226205	25	0
SBS3	0.942675159235669	25	0
SBS3	0.920152197243167	25	0
SBS3	0.936013045477986	25	0
SBS3	0.927274247724707	25	0
SBS3	0.912709584802576	25	0
SBS3	0.91199877350207	25	0
SBS3	0.936347544913518	25	0
SBS3	0.902103165200909	25	0
SBS5	0.928821045202563	25	0
SBS5	0.920886976516523	25	0
SBS5	0.926123234185933	25	0
SBS5	0.921444751790003	25	0
SBS5	0.923288825143143	25	0
SBS5	0.924791403430887	25	0
SBS5	0.932634406766156	25	0
SBS5	0.931678220583046	25	0
SBS5	0.938314608020581	25	0
SBS5	0.924563740053956	25	0
SBS5	0.930448838347619	25	0
SBS5	0.920454416100354	25	0
SBS5	0.926009402497467	25	0
SBS5	0.921114639893454	25	0
SBS5	0.924939384625892	25	0
SBS5	0.92455235688511	25	0
SBS5	0.924176712313174	25	0
SBS5	0.924438525196644	25	0
SBS5	0.92794454120138	25	0
SBS5	0.913135038532026	25	0
SBS5	0.934023153365434	25	0
SBS5	0.93377272365081	25	0
SBS5	0.927967307539073	25	0
SBS5	0.933465378091953	25	0
SBS5	0.931518856219194	25	0
SBS5	0.934626461314301	25	0
SBS5	0.910209564138465	25	0
SBS5	0.928286036266776	25	0
SBS5	0.917506175369099	25	0
SBS5	0.929583717515282	25	0
SBS5	0.928160821409464	25	0
SBS5	0.916754886225227	25	0
SBS5	0.922719666700816	25	0
SBS5	0.92270828353197	25	0
SBS5	0.925303646028982	25	0
SBS5	0.933123883026557	25	0
SBS5	0.910755956243099	25	0
SBS5	0.940534325945657	25	0
SBS5	0.926965588680577	25	0
SBS5	0.933431228585414	25	0
SBS5	0.932531958246537	25	0
SBS5	0.932042481986135	25	0
SBS5	0.944450136028868	25	0
SBS5	0.926851756992111	25	0
SBS5	0.937836514929026	25	0
SBS5	0.940078999191795	25	0
SBS5	0.923015629090826	25	0
SBS5	0.916197110951747	25	0
SBS5	0.939077280333299	25	0
SBS5	0.933875172170429	25	0
APOBEC	0.988077731092437	25	0.1
APOBEC	0.982694327731092	25	0.1
APOBEC	0.987998949579832	25	0.1
APOBEC	0.985819327731092	25	0.1
APOBEC	0.98797268907563	25	0.1
APOBEC	0.979411764705882	25	0.1
APOBEC	0.991517857142857	25	0.1
APOBEC	0.988786764705882	25	0.1
APOBEC	0.987316176470588	25	0.1
APOBEC	0.991990546218487	25	0.1
APOBEC	0.987736344537815	25	0.1
APOBEC	0.986764705882353	25	0.1
APOBEC	0.979438025210084	25	0.1
APOBEC	0.987001050420168	25	0.1
APOBEC	0.986843487394958	25	0.1
APOBEC	0.98765756302521	25	0.1
APOBEC	0.990047268907563	25	0.1
APOBEC	0.990021008403361	25	0.1
APOBEC	0.981381302521008	25	0.1
APOBEC	0.987421218487395	25	0.1
APOBEC	0.989338235294118	25	0.1
APOBEC	0.984768907563025	25	0.1
APOBEC	0.990073529411765	25	0.1
APOBEC	0.977993697478992	25	0.1
APOBEC	0.99359243697479	25	0.1
APOBEC	0.984611344537815	25	0.1
APOBEC	0.98077731092437	25	0.1
APOBEC	0.986239495798319	25	0.1
APOBEC	0.988182773109244	25	0.1
APOBEC	0.988839285714286	25	0.1
APOBEC	0.978072478991597	25	0.1
APOBEC	0.977862394957983	25	0.1
APOBEC	0.989101890756303	25	0.1
APOBEC	0.991018907563025	25	0.1
APOBEC	0.993802521008403	25	0.1
APOBEC	0.985582983193277	25	0.1
APOBEC	0.986974789915966	25	0.1
APOBEC	0.990703781512605	25	0.1
APOBEC	0.991938025210084	25	0.1
APOBEC	0.981775210084034	25	0.1
APOBEC	0.98655462184874	25	0.1
APOBEC	0.987132352941177	25	0.1
APOBEC	0.986423319327731	25	0.1
APOBEC	0.990913865546219	25	0.1
APOBEC	0.991202731092437	25	0.1
APOBEC	0.982615546218487	25	0.1
APOBEC	0.984453781512605	25	0.1
APOBEC	0.986896008403361	25	0.1
APOBEC	0.989390756302521	25	0.1
APOBEC	0.990126050420168	25	0.1
SBS3	0.921727132085465	25	0.1
SBS3	0.926828248477331	25	0.1
SBS3	0.932194176922326	25	0.1
SBS3	0.919915260142999	25	0.1
SBS3	0.91502320589834	25	0.1
SBS3	0.927929309119291	25	0.1
SBS3	0.932598363740261	25	0.1
SBS3	0.923650503839775	25	0.1
SBS3	0.928333495937226	25	0.1
SBS3	0.923385691786645	25	0.1
SBS3	0.927106998006941	25	0.1
SBS3	0.909406402876695	25	0.1
SBS3	0.914284519644873	25	0.1
SBS3	0.926451936612357	25	0.1
SBS3	0.931218553568691	25	0.1
SBS3	0.929936305732484	25	0.1
SBS3	0.927552997254317	25	0.1
SBS3	0.932932863175793	25	0.1
SBS3	0.934605360353454	25	0.1
SBS3	0.949072460940222	25	0.1
SBS3	0.936974731355141	25	0.1
SBS3	0.942034035317565	25	0.1
SBS3	0.931929364869197	25	0.1
SBS3	0.932096614586963	25	0.1
SBS3	0.929448494055666	25	0.1
SBS3	0.923692316269216	25	0.1
SBS3	0.927803871830966	25	0.1
SBS3	0.932431114022495	25	0.1
SBS3	0.921782881991387	25	0.1
SBS3	0.931580927957184	25	0.1
SBS3	0.928263808554823	25	0.1
SBS3	0.920751508731829	25	0.1
SBS3	0.909852402124071	25	0.1
SBS3	0.913239208908835	25	0.1
SBS3	0.936528732107765	25	0.1
SBS3	0.945100280143277	25	0.1
SBS3	0.920626071443505	25	0.1
SBS3	0.925197563729111	25	0.1
SBS3	0.913183459002913	25	0.1
SBS3	0.91311377162051	25	0.1
SBS3	0.926159249606266	25	0.1
SBS3	0.932514738881378	25	0.1
SBS3	0.90242372715996	25	0.1
SBS3	0.932807425887469	25	0.1
SBS3	0.946842464703341	25	0.1
SBS3	0.925490250735202	25	0.1
SBS3	0.922814255250944	25	0.1
SBS3	0.938410291432633	25	0.1
SBS3	0.925810812694254	25	0.1
SBS3	0.927051248101019	25	0.1
SBS5	0.92363032020854	25	0.1
SBS5	0.933966237521201	25	0.1
SBS5	0.932042481986135	25	0.1
SBS5	0.92270828353197	25	0.1
SBS5	0.914068458377443	25	0.1
SBS5	0.935332217782786	25	0.1
SBS5	0.928547849150246	25	0.1
SBS5	0.919054286332229	25	0.1
SBS5	0.928024223383305	25	0.1
SBS5	0.934569545470068	25	0.1
SBS5	0.92573620644515	25	0.1
SBS5	0.912952907830482	25	0.1
SBS5	0.908650070006488	25	0.1
SBS5	0.928342952111009	25	0.1
SBS5	0.928786895696024	25	0.1
SBS5	0.926555794602101	25	0.1
SBS5	0.925292262860135	25	0.1
SBS5	0.926851756992111	25	0.1
SBS5	0.9254060945486	25	0.1
SBS5	0.949618094685198	25	0.1
SBS5	0.936823412901684	25	0.1
SBS5	0.935673712848183	25	0.1
SBS5	0.933078350351171	25	0.1
SBS5	0.932019715648442	25	0.1
SBS5	0.926237065874398	25	0.1
SBS5	0.917574474382178	25	0.1
SBS5	0.918211931837585	25	0.1
SBS5	0.932213229518833	25	0.1
SBS5	0.923846600416624	25	0.1
SBS5	0.927124953044429	25	0.1
SBS5	0.924688954911268	25	0.1
SBS5	0.916299559471366	25	0.1
SBS5	0.906350669899487	25	0.1
SBS5	0.917847670434496	25	0.1
SBS5	0.939680588282166	25	0.1
SBS5	0.934603694976608	25	0.1
SBS5	0.918963220981457	25	0.1
SBS5	0.91809810014912	25	0.1
SBS5	0.91869002492914	25	0.1
SBS5	0.911700759257362	25	0.1
SBS5	0.926487495589022	25	0.1
SBS5	0.930539903698392	25	0.1
SBS5	0.90172910334779	25	0.1
SBS5	0.937984496124031	25	0.1
SBS5	0.94981160855559	25	0.1
SBS5	0.91954376259263	25	0.1
SBS5	0.911666609750822	25	0.1
SBS5	0.927682728317909	25	0.1
SBS5	0.928593381825633	25	0.1
SBS5	0.923880749923164	25	0.1
APOBEC	0.983009453781513	25	0.2
APOBEC	0.98999474789916	25	0.2
APOBEC	0.989600840336134	25	0.2
APOBEC	0.984112394957983	25	0.2
APOBEC	0.988471638655462	25	0.2
APOBEC	0.98500525210084	25	0.2
APOBEC	0.988550420168067	25	0.2
APOBEC	0.99375	25	0.2
APOBEC	0.983455882352941	25	0.2
APOBEC	0.989810924369748	25	0.2
APOBEC	0.992174369747899	25	0.2
APOBEC	0.992489495798319	25	0.2
APOBEC	0.988944327731092	25	0.2
APOBEC	0.986186974789916	25	0.2
APOBEC	0.980173319327731	25	0.2
APOBEC	0.988891806722689	25	0.2
APOBEC	0.98702731092437	25	0.2
APOBEC	0.991281512605042	25	0.2
APOBEC	0.99296218487395	25	0.2
APOBEC	0.991150210084034	25	0.2
APOBEC	0.992673319327731	25	0.2
APOBEC	0.982457983193277	25	0.2
APOBEC	0.98718487394958	25	0.2
APOBEC	0.987788865546218	25	0.2
APOBEC	0.987998949579832	25	0.2
APOBEC	0.981223739495798	25	0.2
APOBEC	0.976076680672269	25	0.2
APOBEC	0.99046743697479	25	0.2
APOBEC	0.981591386554622	25	0.2
APOBEC	0.985215336134454	25	0.2
APOBEC	0.995063025210084	25	0.2
APOBEC	0.987289915966387	25	0.2
APOBEC	0.98686974789916	25	0.2
APOBEC	0.99125525210084	25	0.2
APOBEC	0.977888655462185	25	0.2
APOBEC	0.987394957983193	25	0.2
APOBEC	0.986685924369748	25	0.2
APOBEC	0.989627100840336	25	0.2
APOBEC	0.978177521008403	25	0.2
APOBEC	0.987237394957983	25	0.2
APOBEC	0.990887605042017	25	0.2
APOBEC	0.985241596638656	25	0.2
APOBEC	0.98405987394958	25	0.2
APOBEC	0.985267857142857	25	0.2
APOBEC	0.987106092436975	25	0.2
APOBEC	0.991307773109244	25	0.2
APOBEC	0.989469537815126	25	0.2
APOBEC	0.990099789915966	25	0.2
APOBEC	0.975183823529412	25	0.2
APOBEC	0.981985294117647	25	0.2
SBS3	0.925364813446877	25	0.2
SBS3	0.940403350569346	25	0.2
SBS3	0.934605360353454	25	0.2
SBS3	0.925086063917267	25	0.2
SBS3	0.920194009672609	25	0.2
SBS3	0.952779829684037	25	0.2
SBS3	0.914953518515938	25	0.2
SBS3	0.941797098217397	25	0.2
SBS3	0.947413901239042	25	0.2
SBS3	0.935162859412675	25	0.2
SBS3	0.940180350945658	25	0.2
SBS3	0.925741125311851	25	0.2
SBS3	0.931706365245509	25	0.2
SBS3	0.929309119290861	25	0.2
SBS3	0.915664329816443	25	0.2
SBS3	0.93475867259474	25	0.2
SBS3	0.943162970912487	25	0.2
SBS3	0.935162859412675	25	0.2
SBS3	0.94627102816764	25	0.2
SBS3	0.931622740386626	25	0.2
SBS3	0.932723801028586	25	0.2
SBS3	0.945825028920264	25	0.2
SBS3	0.931023428897964	25	0.2
SBS3	0.944779718184226	25	0.2
SBS3	0.941588036070189	25	0.2
SBS3	0.922507630768373	25	0.2
SBS3	0.911608524160615	25	0.2
SBS3	0.935134984459714	25	0.2
SBS3	0.933337049993728	25	0.2
SBS3	0.930828304227237	25	0.2
SBS3	0.936514794631284	25	0.2
SBS3	0.929058244714212	25	0.2
SBS3	0.927873559213369	25	0.2
SBS3	0.93119067861573	25	0.2
SBS3	0.916904765223209	25	0.2
SBS3	0.938619353579841	25	0.2
SBS3	0.930298680120977	25	0.2
SBS3	0.922465818338932	25	0.2
SBS3	0.918465762589026	25	0.2
SBS3	0.93173424019847	25	0.2
SBS3	0.918256700441818	25	0.2
SBS3	0.931650615339587	25	0.2
SBS3	0.937810979943971	25	0.2
SBS3	0.930842241703717	25	0.2
SBS3	0.937086231166985	25	0.2
SBS3	0.950075959246819	25	0.2
SBS3	0.925629625500007	25	0.2
SBS3	0.909183403253007	25	0.2
SBS3	0.93559492118357	25	0.2
SBS3	0.929364869196783	25	0.2
SBS5	0.919031519994536	25	0.2
SBS5	0.932748238454621	25	0.2
SBS5	0.926567177770948	25	0.2
SBS5	0.921900078543865	25	0.2
SBS5	0.917813520927956	25	0.2
SBS5	0.938849616956368	25	0.2
SBS5	0.9161857277829	25	0.2
SBS5	0.940989652699519	25	0.2
SBS5	0.941581577479539	25	0.2
SBS5	0.92603216883516	25	0.2
SBS5	0.934489863288142	25	0.2
SBS5	0.925428860886294	25	0.2
SBS5	0.921285387426152	25	0.2
SBS5	0.925189814340516	25	0.2
SBS5	0.907705266992225	25	0.2
SBS5	0.931416407699575	25	0.2
SBS5	0.934626461314301	25	0.2
SBS5	0.933647508793498	25	0.2
SBS5	0.948491160969391	25	0.2
SBS5	0.9229359469089	25	0.2
SBS5	0.929640633359515	25	0.2
SBS5	0.929868296736445	25	0.2
SBS5	0.934125601885053	25	0.2
SBS5	0.932600257259616	25	0.2
SBS5	0.936709581213218	25	0.2
SBS5	0.919418547735319	25	0.2
SBS5	0.902229962777038	25	0.2
SBS5	0.930426072009926	25	0.2
SBS5	0.909970517592687	25	0.2
SBS5	0.921239854750766	25	0.2
SBS5	0.930995230452253	25	0.2
SBS5	0.921171555737686	25	0.2
SBS5	0.914330271260914	25	0.2
SBS5	0.926271215380938	25	0.2
SBS5	0.909344443306128	25	0.2
SBS5	0.927659961980216	25	0.2
SBS5	0.918724174435679	25	0.2
SBS5	0.931222893829184	25	0.2
SBS5	0.910699040398866	25	0.2
SBS5	0.9260663183417	25	0.2
SBS5	0.922116358751949	25	0.2
SBS5	0.919839724982641	25	0.2
SBS5	0.934740293002766	25	0.2
SBS5	0.909742854215757	25	0.2
SBS5	0.923197759792371	25	0.2
SBS5	0.948445628294004	25	0.2
SBS5	0.923015629090826	25	0.2
SBS5	0.898359685369213	25	0.2
SBS5	0.929617867021822	25	0.2
SBS5	0.931746519596125	25	0.2
APOBEC	0.982983193277311	25	0.3
APOBEC	0.976418067226891	25	0.3
APOBEC	0.980068277310924	25	0.3
APOBEC	0.982274159663866	25	0.3
APOBEC	0.98077731092437	25	0.3
APOBEC	0.973004201680672	25	0.3
APOBEC	0.986318277310924	25	0.3
APOBEC	0.985031512605042	25	0.3
APOBEC	0.982641806722689	25	0.3
APOBEC	0.985451680672269	25	0.3
APOBEC	0.980120798319328	25	0.3
APOBEC	0.973765756302521	25	0.3
APOBEC	0.97515756302521	25	0.3
APOBEC	0.970693277310924	25	0.3
APOBEC	0.987106092436975	25	0.3
APOBEC	0.976733193277311	25	0.3
APOBEC	0.97765231092437	25	0.3
APOBEC	0.985845588235294	25	0.3
APOBEC	0.973030462184874	25	0.3
APOBEC	0.978230042016807	25	0.3
APOBEC	0.978361344537815	25	0.3
APOBEC	0.982431722689076	25	0.3
APOBEC	0.98405987394958	25	0.3
APOBEC	0.973240546218487	25	0.3
APOBEC	0.985477941176471	25	0.3
APOBEC	0.982746848739496	25	0.3
APOBEC	0.978676470588235	25	0.3
APOBEC	0.977836134453781	25	0.3
APOBEC	0.979359243697479	25	0.3
APOBEC	0.986370798319328	25	0.3
APOBEC	0.972715336134454	25	0.3
APOBEC	0.969669117647059	25	0.3
APOBEC	0.98125	25	0.3
APOBEC	0.989023109243698	25	0.3
APOBEC	0.989311974789916	25	0.3
APOBEC	0.980409663865546	25	0.3
APOBEC	0.979543067226891	25	0.3
APOBEC	0.988182773109244	25	0.3
APOBEC	0.983167016806723	25	0.3
APOBEC	0.974133403361345	25	0.3
APOBEC	0.985346638655462	25	0.3
APOBEC	0.984453781512605	25	0.3
APOBEC	0.983482142857143	25	0.3
APOBEC	0.986607142857143	25	0.3
APOBEC	0.988865546218487	25	0.3
APOBEC	0.978413865546218	25	0.3
APOBEC	0.976811974789916	25	0.3
APOBEC	0.976628151260504	25	0.3
APOBEC	0.985346638655462	25	0.3
APOBEC	0.989101890756303	25	0.3
SBS3	0.911064962577876	25	0.3
SBS3	0.921016320784959	25	0.3
SBS3	0.933866674099987	25	0.3
SBS3	0.932180239445846	25	0.3
SBS3	0.902841851454376	25	0.3
SBS3	0.922033756568036	25	0.3
SBS3	0.93612454528983	25	0.3
SBS3	0.930995553945003	25	0.3
SBS3	0.919706197995791	25	0.3
SBS3	0.912235710602238	25	0.3
SBS3	0.925629625500007	25	0.3
SBS3	0.914842018704093	25	0.3
SBS3	0.916542390834715	25	0.3
SBS3	0.929197619479017	25	0.3
SBS3	0.911497024348771	25	0.3
SBS3	0.926047749794422	25	0.3
SBS3	0.926033812317942	25	0.3
SBS3	0.913977895162302	25	0.3
SBS3	0.922061631520997	25	0.3
SBS3	0.937978229661737	25	0.3
SBS3	0.935344046606921	25	0.3
SBS3	0.931762115151431	25	0.3
SBS3	0.929225494431978	25	0.3
SBS3	0.913058021714588	25	0.3
SBS3	0.915106830757223	25	0.3
SBS3	0.921518069938257	25	0.3
SBS3	0.924751564481735	25	0.3
SBS3	0.925685375405929	25	0.3
SBS3	0.917016265035053	25	0.3
SBS3	0.926967623242136	25	0.3
SBS3	0.920207947149089	25	0.3
SBS3	0.925127876346709	25	0.3
SBS3	0.914521456745042	25	0.3
SBS3	0.904556161061478	25	0.3
SBS3	0.916207891399183	25	0.3
SBS3	0.934814422500662	25	0.3
SBS3	0.911538836778213	25	0.3
SBS3	0.911831523784304	25	0.3
SBS3	0.922647005533178	25	0.3
SBS3	0.910716525665863	25	0.3
SBS3	0.928960682378849	25	0.3
SBS3	0.913629458250289	25	0.3
SBS3	0.897043861238484	25	0.3
SBS3	0.931985114775119	25	0.3
SBS3	0.936180295195752	25	0.3
SBS3	0.930619242080029	25	0.3
SBS3	0.92323237954536	25	0.3
SBS3	0.916082454110859	25	0.3
SBS3	0.927552997254317	25	0.3
SBS3	0.925657500452968	25	0.3
SBS5	0.902138897426266	25	0.3
SBS5	0.922526152830425	25	0.3
SBS5	0.92356202119546	25	0.3
SBS5	0.921729331011167	25	0.3
SBS5	0.896174116950677	25	0.3
SBS5	0.918200548668738	25	0.3
SBS5	0.921342303270384	25	0.3
SBS5	0.92300424592198	25	0.3
SBS5	0.910312012658084	25	0.3
SBS5	0.908695602681875	25	0.3
SBS5	0.905371717378684	25	0.3
SBS5	0.905986408496397	25	0.3
SBS5	0.907534519459527	25	0.3
SBS5	0.906236838211021	25	0.3
SBS5	0.911256815672347	25	0.3
SBS5	0.913533449441656	25	0.3
SBS5	0.92544024405514	25	0.3
SBS5	0.915013261391706	25	0.3
SBS5	0.9143758039363	25	0.3
SBS5	0.928741363020638	25	0.3
SBS5	0.927227401564047	25	0.3
SBS5	0.918815239786452	25	0.3
SBS5	0.916333708977905	25	0.3
SBS5	0.907682500654532	25	0.3
SBS5	0.904438297533267	25	0.3
SBS5	0.903880522259787	25	0.3
SBS5	0.907762182836458	25	0.3
SBS5	0.910903937438104	25	0.3
SBS5	0.900420038930437	25	0.3
SBS5	0.918530660565288	25	0.3
SBS5	0.905223736183679	25	0.3
SBS5	0.912748010791244	25	0.3
SBS5	0.898496283395372	25	0.3
SBS5	0.912964290999328	25	0.3
SBS5	0.91526369110633	25	0.3
SBS5	0.915206775262097	25	0.3
SBS5	0.909048480916117	25	0.3
SBS5	0.909606256189598	25	0.3
SBS5	0.913681430636661	25	0.3
SBS5	0.897073387289554	25	0.3
SBS5	0.91500187822286	25	0.3
SBS5	0.916026363419049	25	0.3
SBS5	0.893510455440586	25	0.3
SBS5	0.925223963847056	25	0.3
SBS5	0.929743081879133	25	0.3
SBS5	0.91470591583285	25	0.3
SBS5	0.907193024394131	25	0.3
SBS5	0.889355598811597	25	0.3
SBS5	0.912383749388155	25	0.3
SBS5	0.912440665232387	25	0.3
APOBEC	0.974553571428571	25	0.4
APOBEC	0.974763655462185	25	0.4
APOBEC	0.981591386554622	25	0.4
APOBEC	0.975919117647059	25	0.4
APOBEC	0.981302521008403	25	0.4
APOBEC	0.972242647058824	25	0.4
APOBEC	0.985898109243697	25	0.4
APOBEC	0.985582983193277	25	0.4
APOBEC	0.965835084033613	25	0.4
APOBEC	0.982405462184874	25	0.4
APOBEC	0.975052521008403	25	0.4
APOBEC	0.983718487394958	25	0.4
APOBEC	0.974080882352941	25	0.4
APOBEC	0.967016806722689	25	0.4
APOBEC	0.976628151260504	25	0.4
APOBEC	0.982878151260504	25	0.4
APOBEC	0.972741596638655	25	0.4
APOBEC	0.982116596638655	25	0.4
APOBEC	0.982300420168067	25	0.4
APOBEC	0.979543067226891	25	0.4
APOBEC	0.981959033613445	25	0.4
APOBEC	0.966334033613445	25	0.4
APOBEC	0.981197478991597	25	0.4
APOBEC	0.969931722689076	25	0.4
APOBEC	0.982904411764706	25	0.4
APOBEC	0.967410714285714	25	0.4
APOBEC	0.966649159663866	25	0.4
APOBEC	0.980987394957983	25	0.4
APOBEC	0.965835084033613	25	0.4
APOBEC	0.977127100840336	25	0.4
APOBEC	0.978492647058824	25	0.4
APOBEC	0.985320378151261	25	0.4
APOBEC	0.974185924369748	25	0.4
APOBEC	0.986397058823529	25	0.4
APOBEC	0.963786764705882	25	0.4
APOBEC	0.976733193277311	25	0.4
APOBEC	0.977468487394958	25	0.4
APOBEC	0.981144957983193	25	0.4
APOBEC	0.958718487394958	25	0.4
APOBEC	0.971875	25	0.4
APOBEC	0.980173319327731	25	0.4
APOBEC	0.976444327731092	25	0.4
APOBEC	0.970588235294118	25	0.4
APOBEC	0.97155987394958	25	0.4
APOBEC	0.976838235294118	25	0.4
APOBEC	0.98516281512605	25	0.4
APOBEC	0.97828256302521	25	0.4
APOBEC	0.980199579831933	25	0.4
APOBEC	0.962710084033613	25	0.4
APOBEC	0.976418067226891	25	0.4
SBS3	0.91502320589834	25	0.4
SBS3	0.91227752303168	25	0.4
SBS3	0.916235766352144	25	0.4
SBS3	0.924110440563632	25	0.4
SBS3	0.908848903817475	25	0.4
SBS3	0.940598475240073	25	0.4
SBS3	0.905071847691257	25	0.4
SBS3	0.928054746407615	25	0.4
SBS3	0.926019874841461	25	0.4
SBS3	0.908110217564008	25	0.4
SBS3	0.92076544620831	25	0.4
SBS3	0.908625904193787	25	0.4
SBS3	0.928821307614043	25	0.4
SBS3	0.912612022467212	25	0.4
SBS3	0.901768665765377	25	0.4
SBS3	0.931093116280366	25	0.4
SBS3	0.935134984459714	25	0.4
SBS3	0.912402960320004	25	0.4
SBS3	0.927483309871915	25	0.4
SBS3	0.917977950912208	25	0.4
SBS3	0.915260142998509	25	0.4
SBS3	0.934033923817754	25	0.4
SBS3	0.90267460173661	25	0.4
SBS3	0.929727243585276	25	0.4
SBS3	0.919552885754505	25	0.4
SBS3	0.908221717375852	25	0.4
SBS3	0.916207891399183	25	0.4
SBS3	0.921309007791049	25	0.4
SBS3	0.914354207027276	25	0.4
SBS3	0.921155695549764	25	0.4
SBS3	0.925406625876319	25	0.4
SBS3	0.917350764470585	25	0.4
SBS3	0.895385301537304	25	0.4
SBS3	0.914535394221522	25	0.4
SBS3	0.917281077088182	25	0.4
SBS3	0.927065185577499	25	0.4
SBS3	0.920626071443504	25	0.4
SBS3	0.907594530934229	25	0.4
SBS3	0.906437720386347	25	0.4
SBS3	0.912779272184978	25	0.4
SBS3	0.907427281216463	25	0.4
SBS3	0.913336771244199	25	0.4
SBS3	0.911329774631005	25	0.4
SBS3	0.901824415671299	25	0.4
SBS3	0.914814143751132	25	0.4
SBS3	0.928918869949407	25	0.4
SBS3	0.920904820973115	25	0.4
SBS3	0.903761724902089	25	0.4
SBS3	0.933364924946689	25	0.4
SBS3	0.926507686518279	25	0.4
SBS5	0.892622568270555	25	0.4
SBS5	0.895616341677196	25	0.4
SBS5	0.90199091623126	25	0.4
SBS5	0.905781511457159	25	0.4
SBS5	0.90172910334779	25	0.4
SBS5	0.915240924768637	25	0.4
SBS5	0.897357966510717	25	0.4
SBS5	0.904483830208654	25	0.4
SBS5	0.902127514257419	25	0.4
SBS5	0.886168311534565	25	0.4
SBS5	0.906066090678323	25	0.4
SBS5	0.89497888422179	25	0.4
SBS5	0.907409304602215	25	0.4
SBS5	0.89066466322895	25	0.4
SBS5	0.884984461974525	25	0.4
SBS5	0.916641054536762	25	0.4
SBS5	0.918177782331045	25	0.4
SBS5	0.900568020125443	25	0.4
SBS5	0.908194743252627	25	0.4
SBS5	0.899156507188471	25	0.4
SBS5	0.899611833942333	25	0.4
SBS5	0.897255517991098	25	0.4
SBS5	0.89744903186149	25	0.4
SBS5	0.909037097747271	25	0.4
SBS5	0.911689376088516	25	0.4
SBS5	0.891711914762832	25	0.4
SBS5	0.893123427699803	25	0.4
SBS5	0.900795683502373	25	0.4
SBS5	0.891780213775911	25	0.4
SBS5	0.908080911564161	25	0.4
SBS5	0.900283440904279	25	0.4
SBS5	0.902730822206286	25	0.4
SBS5	0.870801033591731	25	0.4
SBS5	0.892952680167105	25	0.4
SBS5	0.884221789661806	25	0.4
SBS5	0.90353902719439	25	0.4
SBS5	0.89652699518492	25	0.4
SBS5	0.908980181903038	25	0.4
SBS5	0.873988320868763	25	0.4
SBS5	0.897278284328791	25	0.4
SBS5	0.895206547598721	25	0.4
SBS5	0.896105817937597	25	0.4
SBS5	0.904074036130178	25	0.4
SBS5	0.882161436100582	25	0.4
SBS5	0.889776776058919	25	0.4
SBS5	0.918576193240674	25	0.4
SBS5	0.898723946772302	25	0.4
SBS5	0.87986203599358	25	0.4
SBS5	0.911438946373892	25	0.4
SBS5	0.917312661498708	25	0.4
APOBEC	0.96297268907563	25	0.5
APOBEC	0.966360294117647	25	0.5
APOBEC	0.950603991596639	25	0.5
APOBEC	0.962053571428571	25	0.5
APOBEC	0.959585084033613	25	0.5
APOBEC	0.969301470588235	25	0.5
APOBEC	0.964390756302521	25	0.5
APOBEC	0.960451680672269	25	0.5
APOBEC	0.954700630252101	25	0.5
APOBEC	0.956039915966387	25	0.5
APOBEC	0.964653361344538	25	0.5
APOBEC	0.960372899159664	25	0.5
APOBEC	0.961633403361345	25	0.5
APOBEC	0.95015756302521	25	0.5
APOBEC	0.970745798319328	25	0.5
APOBEC	0.954569327731092	25	0.5
APOBEC	0.955593487394958	25	0.5
APOBEC	0.96609768907563	25	0.5
APOBEC	0.951444327731092	25	0.5
APOBEC	0.949159663865546	25	0.5
APOBEC	0.960136554621849	25	0.5
APOBEC	0.967410714285714	25	0.5
APOBEC	0.965388655462185	25	0.5
APOBEC	0.952258403361345	25	0.5
APOBEC	0.955908613445378	25	0.5
APOBEC	0.967515756302521	25	0.5
APOBEC	0.960582983193277	25	0.5
APOBEC	0.966123949579832	25	0.5
APOBEC	0.963550420168067	25	0.5
APOBEC	0.971612394957983	25	0.5
APOBEC	0.946822478991597	25	0.5
APOBEC	0.946664915966387	25	0.5
APOBEC	0.962762605042017	25	0.5
APOBEC	0.985609243697479	25	0.5
APOBEC	0.976523109243697	25	0.5
APOBEC	0.969511554621849	25	0.5
APOBEC	0.962683823529412	25	0.5
APOBEC	0.975446428571429	25	0.5
APOBEC	0.957536764705882	25	0.5
APOBEC	0.96218487394958	25	0.5
APOBEC	0.955961134453782	25	0.5
APOBEC	0.955987394957983	25	0.5
APOBEC	0.97203256302521	25	0.5
APOBEC	0.979569327731092	25	0.5
APOBEC	0.964732142857143	25	0.5
APOBEC	0.975	25	0.5
APOBEC	0.954543067226891	25	0.5
APOBEC	0.951969537815126	25	0.5
APOBEC	0.972295168067227	25	0.5
APOBEC	0.975525210084034	25	0.5
SBS3	0.901921978006662	25	0.5
SBS3	0.90870952905267	25	0.5
SBS3	0.906270470668581	25	0.5
SBS3	0.896458487226303	25	0.5
SBS3	0.892834743341371	25	0.5
SBS3	0.9062565331921	25	0.5
SBS3	0.913322833767718	25	0.5
SBS3	0.917518014188351	25	0.5
SBS3	0.904765223208686	25	0.5
SBS3	0.90185229062426	25	0.5
SBS3	0.900737292505819	25	0.5
SBS3	0.895050802101771	25	0.5
SBS3	0.911371587060447	25	0.5
SBS3	0.905030035261815	25	0.5
SBS3	0.89775467253899	25	0.5
SBS3	0.901448103806325	25	0.5
SBS3	0.920681821349426	25	0.5
SBS3	0.902367977254038	25	0.5
SBS3	0.900653667646936	25	0.5
SBS3	0.923427504216087	25	0.5
SBS3	0.916012766728456	25	0.5
SBS3	0.921894381803231	25	0.5
SBS3	0.899831356534586	25	0.5
SBS3	0.911343712107486	25	0.5
SBS3	0.898465483839496	25	0.5
SBS3	0.903329663131193	25	0.5
SBS3	0.912361147890563	25	0.5
SBS3	0.915678267292924	25	0.5
SBS3	0.909378527923734	25	0.5
SBS3	0.916723578028962	25	0.5
SBS3	0.906772219821879	25	0.5
SBS3	0.90788721794032	25	0.5
SBS3	0.900360980640845	25	0.5
SBS3	0.906131095903776	25	0.5
SBS3	0.902367977254038	25	0.5
SBS3	0.921713194608984	25	0.5
SBS3	0.899622294387378	25	0.5
SBS3	0.893977616412772	25	0.5
SBS3	0.913392521150121	25	0.5
SBS3	0.893294680065227	25	0.5
SBS3	0.910256588942006	25	0.5
SBS3	0.895705863496355	25	0.5
SBS3	0.875928584370514	25	0.5
SBS3	0.906354095527464	25	0.5
SBS3	0.907775718128476	25	0.5
SBS3	0.907984780275683	25	0.5
SBS3	0.922354318527087	25	0.5
SBS3	0.901016042035429	25	0.5
SBS3	0.923316004404243	25	0.5
SBS3	0.907385468787021	25	0.5
SBS5	0.875821011053057	25	0.5
SBS5	0.880362895422828	25	0.5
SBS5	0.880146615214743	25	0.5
SBS5	0.873328097075664	25	0.5
SBS5	0.872314995048322	25	0.5
SBS5	0.882821659893681	25	0.5
SBS5	0.878883083472777	25	0.5
SBS5	0.88322007080331	25	0.5
SBS5	0.88233218363328	25	0.5
SBS5	0.882969641088686	25	0.5
SBS5	0.871472640553677	25	0.5
SBS5	0.8755136654942	25	0.5
SBS5	0.892622568270555	25	0.5
SBS5	0.86724948491161	25	0.5
SBS5	0.870436772188642	25	0.5
SBS5	0.875570581338433	25	0.5
SBS5	0.900328973579665	25	0.5
SBS5	0.886259376885337	25	0.5
SBS5	0.876913795262325	25	0.5
SBS5	0.892167241516693	25	0.5
SBS5	0.879714054798575	25	0.5
SBS5	0.889719860214687	25	0.5
SBS5	0.866703092806976	25	0.5
SBS5	0.883117622283691	25	0.5
SBS5	0.863572721374176	25	0.5
SBS5	0.872110098009084	25	0.5
SBS5	0.874830675363408	25	0.5
SBS5	0.877665084406197	25	0.5
SBS5	0.882480164828285	25	0.5
SBS5	0.892941296998258	25	0.5
SBS5	0.866873840339674	25	0.5
SBS5	0.876424319001924	25	0.5
SBS5	0.862001844073353	25	0.5
SBS5	0.886384591742649	25	0.5
SBS5	0.878552971576227	25	0.5
SBS5	0.891404569203975	25	0.5
SBS5	0.870687201903266	25	0.5
SBS5	0.866304681897347	25	0.5
SBS5	0.880169381552437	25	0.5
SBS5	0.859520313264807	25	0.5
SBS5	0.886794385821125	25	0.5
SBS5	0.879383942902025	25	0.5
SBS5	0.864631356076905	25	0.5
SBS5	0.877585402224271	25	0.5
SBS5	0.878962765654703	25	0.5
SBS5	0.88506414415645	25	0.5
SBS5	0.879304260720099	25	0.5
SBS5	0.852144019852246	25	0.5
SBS5	0.887670889822309	25	0.5
SBS5	0.874181834739155	25	0.5
APOBEC	0.942331932773109	25	0.6
APOBEC	0.925761554621849	25	0.6
APOBEC	0.942069327731092	25	0.6
APOBEC	0.933639705882353	25	0.6
APOBEC	0.937368697478992	25	0.6
APOBEC	0.948056722689076	25	0.6
APOBEC	0.944931722689076	25	0.6
APOBEC	0.935372899159664	25	0.6
APOBEC	0.939942226890756	25	0.6
APOBEC	0.943802521008403	25	0.6
APOBEC	0.947163865546218	25	0.6
APOBEC	0.948109243697479	25	0.6
APOBEC	0.941123949579832	25	0.6
APOBEC	0.899763655462185	25	0.6
APOBEC	0.936239495798319	25	0.6
APOBEC	0.948266806722689	25	0.6
APOBEC	0.938681722689076	25	0.6
APOBEC	0.949448529411765	25	0.6
APOBEC	0.922584033613445	25	0.6
APOBEC	0.921586134453782	25	0.6
APOBEC	0.923450630252101	25	0.6
APOBEC	0.944721638655462	25	0.6
APOBEC	0.951549369747899	25	0.6
APOBEC	0.93765756302521	25	0.6
APOBEC	0.917620798319328	25	0.6
APOBEC	0.936186974789916	25	0.6
APOBEC	0.932090336134454	25	0.6
APOBEC	0.928046218487395	25	0.6
APOBEC	0.92250525210084	25	0.6
APOBEC	0.954621848739496	25	0.6
APOBEC	0.932011554621849	25	0.6
APOBEC	0.919826680672269	25	0.6
APOBEC	0.921454831932773	25	0.6
APOBEC	0.953676470588235	25	0.6
APOBEC	0.954884453781513	25	0.6
APOBEC	0.942148109243698	25	0.6
APOBEC	0.938681722689076	25	0.6
APOBEC	0.95593487394958	25	0.6
APOBEC	0.934742647058823	25	0.6
APOBEC	0.927179621848739	25	0.6
APOBEC	0.92563025210084	25	0.6
APOBEC	0.943618697478992	25	0.6
APOBEC	0.952599789915966	25	0.6
APOBEC	0.960110294117647	25	0.6
APOBEC	0.942594537815126	25	0.6
APOBEC	0.938366596638656	25	0.6
APOBEC	0.920089285714286	25	0.6
APOBEC	0.932773109243697	25	0.6
APOBEC	0.935477941176471	25	0.6
APOBEC	0.954700630252101	25	0.6
SBS3	0.891677932793488	25	0.6
SBS3	0.902019540342026	25	0.6
SBS3	0.906577095151152	25	0.6
SBS3	0.886744066119388	25	0.6
SBS3	0.893475867259474	25	0.6
SBS3	0.905810533944724	25	0.6
SBS3	0.9062565331921	25	0.6
SBS3	0.919079011554168	25	0.6
SBS3	0.901935915483143	25	0.6
SBS3	0.907134594210372	25	0.6
SBS3	0.892305119235111	25	0.6
SBS3	0.902186790059792	25	0.6
SBS3	0.911817586307823	25	0.6
SBS3	0.895176239390096	25	0.6
SBS3	0.902716414166051	25	0.6
SBS3	0.905894158803607	25	0.6
SBS3	0.924695814575813	25	0.6
SBS3	0.904639785920361	25	0.6
SBS3	0.889183124503477	25	0.6
SBS3	0.914549331698003	25	0.6
SBS3	0.908890716246916	25	0.6
SBS3	0.915873391963651	25	0.6
SBS3	0.899064795328158	25	0.6
SBS3	0.9111903998662	25	0.6
SBS3	0.896583924514627	25	0.6
SBS3	0.908026592705125	25	0.6
SBS3	0.908486529428982	25	0.6
SBS3	0.910061464271279	25	0.6
SBS3	0.91146914939581	25	0.6
SBS3	0.91611032906382	25	0.6
SBS3	0.911761836401901	25	0.6
SBS3	0.911608524160615	25	0.6
SBS3	0.901517791188727	25	0.6
SBS3	0.904542223584998	25	0.6
SBS3	0.896026425455407	25	0.6
SBS3	0.918019763341649	25	0.6
SBS3	0.89666754937351	25	0.6
SBS3	0.90489066049701	25	0.6
SBS3	0.906869782157243	25	0.6
SBS3	0.896514237132225	25	0.6
SBS3	0.897782547491951	25	0.6
SBS3	0.896500299655744	25	0.6
SBS3	0.882590698128197	25	0.6
SBS3	0.903301788178232	25	0.6
SBS3	0.906716469915957	25	0.6
SBS3	0.904361036390751	25	0.6
SBS3	0.917643451476676	25	0.6
SBS3	0.896082175361329	25	0.6
SBS3	0.914981393468899	25	0.6
SBS3	0.908500466905462	25	0.6
SBS5	0.846611799792826	25	0.6
SBS5	0.843845689763116	25	0.6
SBS5	0.856868034923562	25	0.6
SBS5	0.842752905553848	25	0.6
SBS5	0.841603205500347	25	0.6
SBS5	0.856321642818928	25	0.6
SBS5	0.849856002914091	25	0.6
SBS5	0.859338182563262	25	0.6
SBS5	0.855137793258887	25	0.6
SBS5	0.86197907773566	25	0.6
SBS5	0.842320345137679	25	0.6
SBS5	0.851631777254152	25	0.6
SBS5	0.870664435565573	25	0.6
SBS5	0.840647019317238	25	0.6
SBS5	0.84752245330055	25	0.6
SBS5	0.848137144418263	25	0.6
SBS5	0.872827237646416	25	0.6
SBS5	0.864392309531127	25	0.6
SBS5	0.842160980773828	25	0.6
SBS5	0.86721533540507	25	0.6
SBS5	0.855513437830823	25	0.6
SBS5	0.857050165625107	25	0.6
SBS5	0.84594019283088	25	0.6
SBS5	0.863333674828399	25	0.6
SBS5	0.826714020649068	25	0.6
SBS5	0.857528258716661	25	0.6
SBS5	0.843583876879646	25	0.6
SBS5	0.849685255381393	25	0.6
SBS5	0.855410989311204	25	0.6
SBS5	0.86632744823504	25	0.6
SBS5	0.850038133615636	25	0.6
SBS5	0.84903641475714	25	0.6
SBS5	0.838802945964097	25	0.6
SBS5	0.854511718972327	25	0.6
SBS5	0.845097838336236	25	0.6
SBS5	0.865166365012692	25	0.6
SBS5	0.839349338068732	25	0.6
SBS5	0.842764288722695	25	0.6
SBS5	0.848501405821353	25	0.6
SBS5	0.837539414222131	25	0.6
SBS5	0.852144019852246	25	0.6
SBS5	0.870322940500176	25	0.6
SBS5	0.83915582419834	25	0.6
SBS5	0.846611799792826	25	0.6
SBS5	0.846771164156678	25	0.6
SBS5	0.855877699233913	25	0.6
SBS5	0.851711459436078	25	0.6
SBS5	0.830015139614566	25	0.6
SBS5	0.846384136415895	25	0.6
SBS5	0.854978428895036	25	0.6
APOBEC	0.931381302521008	25	0.7
APOBEC	0.900997899159664	25	0.7
APOBEC	0.914101890756303	25	0.7
APOBEC	0.912867647058824	25	0.7
APOBEC	0.911239495798319	25	0.7
APOBEC	0.923450630252101	25	0.7
APOBEC	0.930540966386555	25	0.7
APOBEC	0.910215336134454	25	0.7
APOBEC	0.91234243697479	25	0.7
APOBEC	0.91953781512605	25	0.7
APOBEC	0.916386554621849	25	0.7
APOBEC	0.912473739495798	25	0.7
APOBEC	0.915730042016807	25	0.7
APOBEC	0.884033613445378	25	0.7
APOBEC	0.914495798319328	25	0.7
APOBEC	0.904254201680672	25	0.7
APOBEC	0.93109243697479	25	0.7
APOBEC	0.932379201680672	25	0.7
APOBEC	0.893566176470588	25	0.7
APOBEC	0.903807773109244	25	0.7
APOBEC	0.900262605042017	25	0.7
APOBEC	0.898135504201681	25	0.7
APOBEC	0.936580882352941	25	0.7
APOBEC	0.900997899159664	25	0.7
APOBEC	0.882510504201681	25	0.7
APOBEC	0.911633403361345	25	0.7
APOBEC	0.891990546218487	25	0.7
APOBEC	0.906013655462185	25	0.7
APOBEC	0.888419117647059	25	0.7
APOBEC	0.924711134453782	25	0.7
APOBEC	0.897111344537815	25	0.7
APOBEC	0.870929621848739	25	0.7
APOBEC	0.881538865546219	25	0.7
APOBEC	0.939311974789916	25	0.7
APOBEC	0.929936974789916	25	0.7
APOBEC	0.917594537815126	25	0.7
APOBEC	0.889101890756303	25	0.7
APOBEC	0.935898109243698	25	0.7
APOBEC	0.915099789915966	25	0.7
APOBEC	0.896927521008403	25	0.7
APOBEC	0.889311974789916	25	0.7
APOBEC	0.923109243697479	25	0.7
APOBEC	0.913471638655462	25	0.7
APOBEC	0.933140756302521	25	0.7
APOBEC	0.923660714285714	25	0.7
APOBEC	0.908324579831933	25	0.7
APOBEC	0.889285714285714	25	0.7
APOBEC	0.905567226890756	25	0.7
APOBEC	0.886239495798319	25	0.7
APOBEC	0.942542016806723	25	0.7
SBS3	0.895928863120043	25	0.7
SBS3	0.900179793446599	25	0.7
SBS3	0.904138036767063	25	0.7
SBS3	0.888277188532244	25	0.7
SBS3	0.89555255125507	25	0.7
SBS3	0.905183347503101	25	0.7
SBS3	0.915051080851301	25	0.7
SBS3	0.918396075206623	25	0.7
SBS3	0.90652134524523	25	0.7
SBS3	0.898897545610392	25	0.7
SBS3	0.896026425455407	25	0.7
SBS3	0.906061408521373	25	0.7
SBS3	0.914242707215432	25	0.7
SBS3	0.895803425831719	25	0.7
SBS3	0.905030035261815	25	0.7
SBS3	0.912221773125758	25	0.7
SBS3	0.925336938493916	25	0.7
SBS3	0.902758226595493	25	0.7
SBS3	0.891092558781307	25	0.7
SBS3	0.905169410026621	25	0.7
SBS3	0.901462041282805	25	0.7
SBS3	0.913963957685821	25	0.7
SBS3	0.89748986048586	25	0.7
SBS3	0.911510961825252	25	0.7
SBS3	0.888319000961686	25	0.7
SBS3	0.904862785544049	25	0.7
SBS3	0.904974285355893	25	0.7
SBS3	0.911218274819161	25	0.7
SBS3	0.91091165033659	25	0.7
SBS3	0.912779272184978	25	0.7
SBS3	0.908834966340994	25	0.7
SBS3	0.908932528676358	25	0.7
SBS3	0.895664051066914	25	0.7
SBS3	0.907469093645904	25	0.7
SBS3	0.901545666141688	25	0.7
SBS3	0.916542390834715	25	0.7
SBS3	0.898395796457093	25	0.7
SBS3	0.90324603827231	25	0.7
SBS3	0.898911483086872	25	0.7
SBS3	0.892876555770812	25	0.7
SBS3	0.901698978382974	25	0.7
SBS3	0.905322722267906	25	0.7
SBS3	0.887287627702128	25	0.7
SBS3	0.905489971985672	25	0.7
SBS3	0.906577095151152	25	0.7
SBS3	0.90406834938466	25	0.7
SBS3	0.916918702699689	25	0.7
SBS3	0.892026369705501	25	0.7
SBS3	0.914730518892249	25	0.7
SBS3	0.907162469163333	25	0.7
SBS5	0.829036187093763	25	0.7
SBS5	0.828626393015288	25	0.7
SBS5	0.838119955833305	25	0.7
SBS5	0.827579141481406	25	0.7
SBS5	0.819701988639598	25	0.7
SBS5	0.837755694430215	25	0.7
SBS5	0.836788125078259	25	0.7
SBS5	0.840225842069915	25	0.7
SBS5	0.835126182426664	25	0.7
SBS5	0.831574633746542	25	0.7
SBS5	0.818700269781102	25	0.7
SBS5	0.839019226172182	25	0.7
SBS5	0.852519664424182	25	0.7
SBS5	0.828410112807203	25	0.7
SBS5	0.827522225637173	25	0.7
SBS5	0.828216598936812	25	0.7
SBS5	0.849821853407552	25	0.7
SBS5	0.842673223371922	25	0.7
SBS5	0.825644002777493	25	0.7
SBS5	0.852417215904564	25	0.7
SBS5	0.830675363407665	25	0.7
SBS5	0.83612790128516	25	0.7
SBS5	0.82901342075607	25	0.7
SBS5	0.844153035321973	25	0.7
SBS5	0.803344375007115	25	0.7
SBS5	0.840032328199524	25	0.7
SBS5	0.821500529317351	25	0.7
SBS5	0.829537046523011	25	0.7
SBS5	0.836799508247106	25	0.7
SBS5	0.848945349406368	25	0.7
SBS5	0.829787476237635	25	0.7
SBS5	0.833270725904677	25	0.7
SBS5	0.820863071861945	25	0.7
SBS5	0.839406253912964	25	0.7
SBS5	0.830971325797676	25	0.7
SBS5	0.840817766849936	25	0.7
SBS5	0.815069038919054	25	0.7
SBS5	0.817413971701442	25	0.7
SBS5	0.82565538594634	25	0.7
SBS5	0.81636672016756	25	0.7
SBS5	0.831608783253082	25	0.7
SBS5	0.863686553062642	25	0.7
SBS5	0.819451558924974	25	0.7
SBS5	0.827624674156792	25	0.7
SBS5	0.82532527404979	25	0.7
SBS5	0.830686746576512	25	0.7
SBS5	0.837584946897517	25	0.7
SBS5	0.814101469567098	25	0.7
SBS5	0.824915479971314	25	0.7
SBS5	0.845803594804722	25	0.7
APOBEC	0.838261554621849	25	0.8
APOBEC	0.836134453781513	25	0.8
APOBEC	0.825866596638655	25	0.8
APOBEC	0.83781512605042	25	0.8
APOBEC	0.808009453781513	25	0.8
APOBEC	0.860189075630252	25	0.8
APOBEC	0.806643907563025	25	0.8
APOBEC	0.798082983193277	25	0.8
APOBEC	0.82484243697479	25	0.8
APOBEC	0.818776260504202	25	0.8
APOBEC	0.82859768907563	25	0.8
APOBEC	0.847426470588235	25	0.8
APOBEC	0.821113445378151	25	0.8
APOBEC	0.821848739495798	25	0.8
APOBEC	0.811081932773109	25	0.8
APOBEC	0.824133403361345	25	0.8
APOBEC	0.817436974789916	25	0.8
APOBEC	0.85593487394958	25	0.8
APOBEC	0.848975840336134	25	0.8
APOBEC	0.839417016806723	25	0.8
APOBEC	0.833219537815126	25	0.8
APOBEC	0.778650210084034	25	0.8
APOBEC	0.86202731092437	25	0.8
APOBEC	0.789154411764706	25	0.8
APOBEC	0.763865546218487	25	0.8
APOBEC	0.83140756302521	25	0.8
APOBEC	0.806013655462185	25	0.8
APOBEC	0.800997899159664	25	0.8
APOBEC	0.823660714285714	25	0.8
APOBEC	0.860950630252101	25	0.8
APOBEC	0.844800420168067	25	0.8
APOBEC	0.778991596638655	25	0.8
APOBEC	0.795955882352941	25	0.8
APOBEC	0.872610294117647	25	0.8
APOBEC	0.829306722689076	25	0.8
APOBEC	0.832195378151261	25	0.8
APOBEC	0.785688025210084	25	0.8
APOBEC	0.850498949579832	25	0.8
APOBEC	0.843881302521008	25	0.8
APOBEC	0.83469012605042	25	0.8
APOBEC	0.799606092436975	25	0.8
APOBEC	0.858009453781513	25	0.8
APOBEC	0.855409663865546	25	0.8
APOBEC	0.859637605042017	25	0.8
APOBEC	0.835399159663866	25	0.8
APOBEC	0.793067226890756	25	0.8
APOBEC	0.801024159663866	25	0.8
APOBEC	0.814049369747899	25	0.8
APOBEC	0.80078781512605	25	0.8
APOBEC	0.876601890756303	25	0.8
SBS3	0.89939929476369	25	0.8
SBS3	0.899468982146093	25	0.8
SBS3	0.90872346652915	25	0.8
SBS3	0.892332994188072	25	0.8
SBS3	0.901768665765377	25	0.8
SBS3	0.910883775383629	25	0.8
SBS3	0.909726964835747	25	0.8
SBS3	0.91775495128852	25	0.8
SBS3	0.903552662754882	25	0.8
SBS3	0.894326053324785	25	0.8
SBS3	0.895691926019875	25	0.8
SBS3	0.896946298903121	25	0.8
SBS3	0.915190455616106	25	0.8
SBS3	0.894172741083499	25	0.8
SBS3	0.903301788178232	25	0.8
SBS3	0.906730407392437	25	0.8
SBS3	0.921782881991387	25	0.8
SBS3	0.901740790812416	25	0.8
SBS3	0.893252867635786	25	0.8
SBS3	0.900946354653027	25	0.8
SBS3	0.902772164071973	25	0.8
SBS3	0.911524899301732	25	0.8
SBS3	0.888848625067945	25	0.8
SBS3	0.90267460173661	25	0.8
SBS3	0.891524620552203	25	0.8
SBS3	0.905406347126789	25	0.8
SBS3	0.903984724525777	25	0.8
SBS3	0.90596384618601	25	0.8
SBS3	0.911970898549109	25	0.8
SBS3	0.906981281969087	25	0.8
SBS3	0.906158970856737	25	0.8
SBS3	0.912709584802576	25	0.8
SBS3	0.892123932040865	25	0.8
SBS3	0.901824415671299	25	0.8
SBS3	0.905057910214776	25	0.8
SBS3	0.917420451852987	25	0.8
SBS3	0.898144921880444	25	0.8
SBS3	0.90077910493526	25	0.8
SBS3	0.889071624691633	25	0.8
SBS3	0.887552439755258	25	0.8
SBS3	0.893726741836123	25	0.8
SBS3	0.901183291753195	25	0.8
SBS3	0.884681319600273	25	0.8
SBS3	0.904765223208686	25	0.8
SBS3	0.907190344116294	25	0.8
SBS3	0.900374918117326	25	0.8
SBS3	0.909685152406305	25	0.8
SBS3	0.888207501149842	25	0.8
SBS3	0.912026648455031	25	0.8
SBS3	0.91173396144894	25	0.8
SBS5	0.811306901615272	25	0.8
SBS5	0.812758255643206	25	0.8
SBS5	0.813646142813236	25	0.8
SBS5	0.809764482236565	25	0.8
SBS5	0.799912349599882	25	0.8
SBS5	0.812667190292434	25	0.8
SBS5	0.805199831529101	25	0.8
SBS5	0.813981946294209	25	0.8
SBS5	0.816139056790629	25	0.8
SBS5	0.800151396145659	25	0.8
SBS5	0.796258352400141	25	0.8
SBS5	0.801762114537445	25	0.8
SBS5	0.832280390215028	25	0.8
SBS5	0.815194253776366	25	0.8
SBS5	0.805786064724698	25	0.8
SBS5	0.792507598265205	25	0.8
SBS5	0.825074844335166	25	0.8
SBS5	0.824135732905326	25	0.8
SBS5	0.814989356737128	25	0.8
SBS5	0.819855661419026	25	0.8
SBS5	0.812149256109916	25	0.8
SBS5	0.810162893146194	25	0.8
SBS5	0.802018235836492	25	0.8
SBS5	0.805478719165841	25	0.8
SBS5	0.783440904278933	25	0.8
SBS5	0.818000204897039	25	0.8
SBS5	0.80594542908855	25	0.8
SBS5	0.803241926487496	25	0.8
SBS5	0.819719063392867	25	0.8
SBS5	0.824824414620542	25	0.8
SBS5	0.806947147947045	25	0.8
SBS5	0.820208539653269	25	0.8
SBS5	0.800350601600474	25	0.8
SBS5	0.809348996573666	25	0.8
SBS5	0.811323976368541	25	0.8
SBS5	0.822029846668716	25	0.8
SBS5	0.792832018577332	25	0.8
SBS5	0.799974957028538	25	0.8
SBS5	0.797527575726531	25	0.8
SBS5	0.792257168550581	25	0.8
SBS5	0.807300026181288	25	0.8
SBS5	0.840789308927819	25	0.8
SBS5	0.806685335063575	25	0.8
SBS5	0.805290896879873	25	0.8
SBS5	0.80408428098214	25	0.8
SBS5	0.810806042186024	25	0.8
SBS5	0.815564206763879	25	0.8
SBS5	0.790583842730139	25	0.8
SBS5	0.798415462896561	25	0.8
SBS5	0.829901307926101	25	0.8
APOBEC	0.751523109243697	25	0.9
APOBEC	0.674238445378151	25	0.9
APOBEC	0.724894957983193	25	0.9
APOBEC	0.75688025210084	25	0.9
APOBEC	0.651917016806723	25	0.9
APOBEC	0.75280987394958	25	0.9
APOBEC	0.683298319327731	25	0.9
APOBEC	0.705987394957983	25	0.9
APOBEC	0.730225840336134	25	0.9
APOBEC	0.745246848739496	25	0.9
APOBEC	0.684086134453782	25	0.9
APOBEC	0.725971638655462	25	0.9
APOBEC	0.735950630252101	25	0.9
APOBEC	0.722820378151261	25	0.9
APOBEC	0.710740546218487	25	0.9
APOBEC	0.717384453781513	25	0.9
APOBEC	0.689758403361345	25	0.9
APOBEC	0.742279411764706	25	0.9
APOBEC	0.71000525210084	25	0.9
APOBEC	0.734978991596639	25	0.9
APOBEC	0.751733193277311	25	0.9
APOBEC	0.692489495798319	25	0.9
APOBEC	0.747111344537815	25	0.9
APOBEC	0.718933823529412	25	0.9
APOBEC	0.654122899159664	25	0.9
APOBEC	0.75656512605042	25	0.9
APOBEC	0.732825630252101	25	0.9
APOBEC	0.70296743697479	25	0.9
APOBEC	0.700288865546218	25	0.9
APOBEC	0.762053571428571	25	0.9
APOBEC	0.735819327731092	25	0.9
APOBEC	0.699080882352941	25	0.9
APOBEC	0.714311974789916	25	0.9
APOBEC	0.762263655462185	25	0.9
APOBEC	0.690073529411765	25	0.9
APOBEC	0.72124474789916	25	0.9
APOBEC	0.646927521008403	25	0.9
APOBEC	0.703676470588235	25	0.9
APOBEC	0.728807773109244	25	0.9
APOBEC	0.714495798319328	25	0.9
APOBEC	0.720640756302521	25	0.9
APOBEC	0.753492647058824	25	0.9
APOBEC	0.741596638655462	25	0.9
APOBEC	0.749632352941176	25	0.9
APOBEC	0.672794117647059	25	0.9
APOBEC	0.669091386554622	25	0.9
APOBEC	0.695693277310924	25	0.9
APOBEC	0.698293067226891	25	0.9
APOBEC	0.669879201680672	25	0.9
APOBEC	0.790362394957983	25	0.9
SBS3	0.894479365566071	25	0.9
SBS3	0.896569987038147	25	0.9
SBS3	0.904138036767063	25	0.9
SBS3	0.890925309063541	25	0.9
SBS3	0.907232156545736	25	0.9
SBS3	0.915970954299015	25	0.9
SBS3	0.90624259571562	25	0.9
SBS3	0.913545833391406	25	0.9
SBS3	0.901503853712247	25	0.9
SBS3	0.889824248421581	25	0.9
SBS3	0.890507184769126	25	0.9
SBS3	0.895580426208031	25	0.9
SBS3	0.912570210037771	25	0.9
SBS3	0.890967121492983	25	0.9
SBS3	0.905726909085841	25	0.9
SBS3	0.905057910214777	25	0.9
SBS3	0.916096391587339	25	0.9
SBS3	0.900597917741014	25	0.9
SBS3	0.898493358792457	25	0.9
SBS3	0.899594419434417	25	0.9
SBS3	0.900528230358611	25	0.9
SBS3	0.906702532439477	25	0.9
SBS3	0.885364255947818	25	0.9
SBS3	0.901225104182637	25	0.9
SBS3	0.889782435992139	25	0.9
SBS3	0.901935915483143	25	0.9
SBS3	0.904235599102427	25	0.9
SBS3	0.90735759383406	25	0.9
SBS3	0.909434277829656	25	0.9
SBS3	0.907984780275683	25	0.9
SBS3	0.90324603827231	25	0.9
SBS3	0.909127653347085	25	0.9
SBS3	0.895106552007694	25	0.9
SBS3	0.897643172727146	25	0.9
SBS3	0.906047471044893	25	0.9
SBS3	0.916166078969742	25	0.9
SBS3	0.901754728288896	25	0.9
SBS3	0.888583813014816	25	0.9
SBS3	0.888569875538335	25	0.9
SBS3	0.888806812638504	25	0.9
SBS3	0.896165800220212	25	0.9
SBS3	0.90240978968348	25	0.9
SBS3	0.882534948222275	25	0.9
SBS3	0.898590921127821	25	0.9
SBS3	0.907929030369761	25	0.9
SBS3	0.898381858980613	25	0.9
SBS3	0.907678155793112	25	0.9
SBS3	0.886702253689947	25	0.9
SBS3	0.906005658615451	25	0.9
SBS3	0.909963901935915	25	0.9
SBS5	0.805939737504126	25	0.9
SBS5	0.795006203827021	25	0.9
SBS5	0.796838894011315	25	0.9
SBS5	0.798728500039841	25	0.9
SBS5	0.792166103199809	25	0.9
SBS5	0.806719484570115	25	0.9
SBS5	0.79300276611003	25	0.9
SBS5	0.807100820726474	25	0.9
SBS5	0.805012009243133	25	0.9
SBS5	0.780395906612483	25	0.9
SBS5	0.783144941888923	25	0.9
SBS5	0.787003836127901	25	0.9
SBS5	0.820305296588464	25	0.9
SBS5	0.799223667884666	25	0.9
SBS5	0.797060865803823	25	0.9
SBS5	0.775706041047707	25	0.9
SBS5	0.813782740839395	25	0.9
SBS5	0.812365536318	25	0.9
SBS5	0.805222597866794	25	0.9
SBS5	0.808922127741921	25	0.9
SBS5	0.801232797186081	25	0.9
SBS5	0.799633461963141	25	0.9
SBS5	0.789565049118374	25	0.9
SBS5	0.797123473232478	25	0.9
SBS5	0.775785723229633	25	0.9
SBS5	0.809366071326936	25	0.9
SBS5	0.8015799838359	25	0.9
SBS5	0.791340823458434	25	0.9
SBS5	0.811551639745472	25	0.9
SBS5	0.816816355336999	25	0.9
SBS5	0.7892292456374	25	0.9
SBS5	0.809001809923847	25	0.9
SBS5	0.796821819258045	25	0.9
SBS5	0.794607792917392	25	0.9
SBS5	0.794920830060672	25	0.9
SBS5	0.811454882810277	25	0.9
SBS5	0.783207549317579	25	0.9
SBS5	0.785478491502464	25	0.9
SBS5	0.786389145010188	25	0.9
SBS5	0.781944017575613	25	0.9
SBS5	0.813799815592665	25	0.9
SBS5	0.824904096802468	25	0.9
SBS5	0.79021958132705	25	0.9
SBS5	0.797043791050553	25	0.9
SBS5	0.788574713428724	25	0.9
SBS5	0.800413209029129	25	0.9
SBS5	0.805137224100445	25	0.9
SBS5	0.780811392275382	25	0.9
SBS5	0.780048719962663	25	0.9
SBS5	0.82071509066694	25	0.9
APOBEC	0.52749474789916	25	1
APOBEC	0.492489495798319	25	1
APOBEC	0.535241596638655	25	1
APOBEC	0.553466386554622	25	1
APOBEC	0.498634453781513	25	1
APOBEC	0.52578781512605	25	1
APOBEC	0.517883403361345	25	1
APOBEC	0.517568277310924	25	1
APOBEC	0.50078781512605	25	1
APOBEC	0.509506302521008	25	1
APOBEC	0.490861344537815	25	1
APOBEC	0.524501050420168	25	1
APOBEC	0.529543067226891	25	1
APOBEC	0.515625	25	1
APOBEC	0.515099789915966	25	1
APOBEC	0.520561974789916	25	1
APOBEC	0.525971638655462	25	1
APOBEC	0.500446428571429	25	1
APOBEC	0.524501050420168	25	1
APOBEC	0.556144957983193	25	1
APOBEC	0.542988445378151	25	1
APOBEC	0.518513655462185	25	1
APOBEC	0.485504201680672	25	1
APOBEC	0.494511554621849	25	1
APOBEC	0.535110294117647	25	1
APOBEC	0.526523109243697	25	1
APOBEC	0.486738445378151	25	1
APOBEC	0.502284663865546	25	1
APOBEC	0.50842962184874	25	1
APOBEC	0.541228991596639	25	1
APOBEC	0.487946428571429	25	1
APOBEC	0.508377100840336	25	1
APOBEC	0.53093487394958	25	1
APOBEC	0.532668067226891	25	1
APOBEC	0.514705882352941	25	1
APOBEC	0.492857142857143	25	1
APOBEC	0.49343487394958	25	1
APOBEC	0.500446428571429	25	1
APOBEC	0.511397058823529	25	1
APOBEC	0.529989495798319	25	1
APOBEC	0.496349789915966	25	1
APOBEC	0.542988445378151	25	1
APOBEC	0.511607142857143	25	1
APOBEC	0.49046743697479	25	1
APOBEC	0.547295168067227	25	1
APOBEC	0.547767857142857	25	1
APOBEC	0.496008403361345	25	1
APOBEC	0.495824579831933	25	1
APOBEC	0.509138655462185	25	1
APOBEC	0.52891281512605	25	1
SBS3	0.915162580663145	25	1
SBS3	0.902646726783649	25	1
SBS3	0.907106719257411	25	1
SBS3	0.898130984403964	25	1
SBS3	0.890590809628009	25	1
SBS3	0.905378472173828	25	1
SBS3	0.904820973114608	25	1
SBS3	0.897280798338653	25	1
SBS3	0.908807091388033	25	1
SBS3	0.908054467658086	25	1
SBS3	0.89584523826116	25	1
SBS3	0.885643005477428	25	1
SBS3	0.912444772749446	25	1
SBS3	0.895371364060823	25	1
SBS3	0.893740679312604	25	1
SBS3	0.906869782157243	25	1
SBS3	0.915441330192755	25	1
SBS3	0.905322722267906	25	1
SBS3	0.916012766728456	25	1
SBS3	0.920876946020154	25	1
SBS3	0.893503742212435	25	1
SBS3	0.901754728288896	25	1
SBS3	0.901475978759286	25	1
SBS3	0.921002383308478	25	1
SBS3	0.903469037895999	25	1
SBS3	0.893866116600928	25	1
SBS3	0.903455100419518	25	1
SBS3	0.911343712107486	25	1
SBS3	0.903942912096336	25	1
SBS3	0.923037254874632	25	1
SBS3	0.896012487978927	25	1
SBS3	0.923274191974801	25	1
SBS3	0.89994285634643	25	1
SBS3	0.910103276700721	25	1
SBS3	0.907441218692943	25	1
SBS3	0.898158859356925	25	1
SBS3	0.902437664636441	25	1
SBS3	0.890967121492983	25	1
SBS3	0.894981114719369	25	1
SBS3	0.903692037519687	25	1
SBS3	0.894632677807356	25	1
SBS3	0.907315781404619	25	1
SBS3	0.918145200629974	25	1
SBS3	0.8980334220686	25	1
SBS3	0.900848792317663	25	1
SBS3	0.90542028460327	25	1
SBS3	0.904848848067569	25	1
SBS3	0.898437608886535	25	1
SBS3	0.919859510237076	25	1
SBS3	0.907524843551826	25	1
SBS5	0.796406333595146	25	1
SBS5	0.790885496704573	25	1
SBS5	0.804818495372742	25	1
SBS5	0.797129164816902	25	1
SBS5	0.773184669148198	25	1
SBS5	0.794158157747954	25	1
SBS5	0.807391091532061	25	1
SBS5	0.781676513107719	25	1
SBS5	0.801443385809742	25	1
SBS5	0.795353390476841	25	1
SBS5	0.783685642409134	25	1
SBS5	0.795342007307994	25	1
SBS5	0.805535635010074	25	1
SBS5	0.779570626871108	25	1
SBS5	0.784903641475714	25	1
SBS5	0.78802832132409	25	1
SBS5	0.817971746974923	25	1
SBS5	0.794414279047001	25	1
SBS5	0.813640451228813	25	1
SBS5	0.822303042721033	25	1
SBS5	0.793236121071384	25	1
SBS5	0.801010825393573	25	1
SBS5	0.774294528110736	25	1
SBS5	0.806013728101629	25	1
SBS5	0.806338148413755	25	1
SBS5	0.79084565561361	25	1
SBS5	0.791340823458434	25	1
SBS5	0.783560427551822	25	1
SBS5	0.783002652278341	25	1
SBS5	0.817100934558162	25	1
SBS5	0.785933818256326	25	1
SBS5	0.79423783992988	25	1
SBS5	0.78341813794124	25	1
SBS5	0.786161481633257	25	1
SBS5	0.804311944359071	25	1
SBS5	0.785620781113046	25	1
SBS5	0.785717538048242	25	1
SBS5	0.781864335393687	25	1
SBS5	0.783634418149324	25	1
SBS5	0.809662033716946	25	1
SBS5	0.779912121936505	25	1
SBS5	0.7939248027866	25	1
SBS5	0.809115641612312	25	1
SBS5	0.784294641942424	25	1
SBS5	0.807078054388781	25	1
SBS5	0.804528224567155	25	1
SBS5	0.792205944290772	25	1
SBS5	0.787459162881763	25	1
SBS5	0.797146239570171	25	1
SBS5	0.806964222700315	25	1
